(kicad_pcb (version 20171130) (host pcbnew 5.1.2)

  (general
    (thickness 1.6)
    (drawings 24)
    (tracks 766)
    (zones 0)
    (modules 66)
    (nets 86)
  )

  (page A4)
  (title_block
    (title OpenFlops)
    (date 2019-07-29)
    (rev 1git)
    (company SukkoPera)
    (comment 1 "Licensed under CERN OHL v.1.2")
  )

  (layers
    (0 F.Cu signal)
    (31 B.Cu signal)
    (36 B.SilkS user)
    (37 F.SilkS user)
    (38 B.Mask user)
    (39 F.Mask user)
    (44 Edge.Cuts user)
    (45 Margin user)
    (46 B.CrtYd user)
    (47 F.CrtYd user)
    (49 F.Fab user hide)
  )

  (setup
    (last_trace_width 0.25)
    (user_trace_width 0.2)
    (user_trace_width 0.25)
    (trace_clearance 0.25)
    (zone_clearance 0.254)
    (zone_45_only no)
    (trace_min 0.16)
    (via_size 0.6)
    (via_drill 0.4)
    (via_min_size 0.4)
    (via_min_drill 0.3)
    (user_via 0.6 0.4)
    (user_via 0.8 0.6)
    (uvia_size 0.3)
    (uvia_drill 0.1)
    (uvias_allowed no)
    (uvia_min_size 0.2)
    (uvia_min_drill 0.1)
    (edge_width 0.05)
    (segment_width 0.2)
    (pcb_text_width 0.3)
    (pcb_text_size 1.5 1.5)
    (mod_edge_width 0.12)
    (mod_text_size 1 1)
    (mod_text_width 0.15)
    (pad_size 1.6 0.6)
    (pad_drill 0)
    (pad_to_mask_clearance 0)
    (solder_mask_min_width 0.25)
    (aux_axis_origin 0 0)
    (visible_elements FFFFFF7F)
    (pcbplotparams
      (layerselection 0x010fc_ffffffff)
      (usegerberextensions false)
      (usegerberattributes false)
      (usegerberadvancedattributes false)
      (creategerberjobfile false)
      (excludeedgelayer true)
      (linewidth 0.100000)
      (plotframeref false)
      (viasonmask false)
      (mode 1)
      (useauxorigin false)
      (hpglpennumber 1)
      (hpglpenspeed 20)
      (hpglpendiameter 15.000000)
      (psnegative false)
      (psa4output false)
      (plotreference true)
      (plotvalue true)
      (plotinvisibletext false)
      (padsonsilk false)
      (subtractmaskfromsilk false)
      (outputformat 1)
      (mirror false)
      (drillshape 1)
      (scaleselection 1)
      (outputdirectory ""))
  )

  (net 0 "")
  (net 1 GND)
  (net 2 "Net-(C3-Pad1)")
  (net 3 /nrst)
  (net 4 "Net-(C5-Pad1)")
  (net 5 +3V3)
  (net 6 +5V)
  (net 7 "Net-(D1-Pad1)")
  (net 8 "Net-(D1-Pad2)")
  (net 9 /j7_pin1)
  (net 10 /j7_pin2)
  (net 11 /disp_clk)
  (net 12 /disp_dio)
  (net 13 /~selx)
  (net 14 "Net-(L4-Pad2)")
  (net 15 "Net-(L35-Pad2)")
  (net 16 /~dskchg)
  (net 17 /~inuse)
  (net 18 /~sel3)
  (net 19 /~index)
  (net 20 /~sel0)
  (net 21 /~sel1)
  (net 22 /~sel2)
  (net 23 /~mtron)
  (net 24 /dir)
  (net 25 /~step)
  (net 26 /~wdata)
  (net 27 /~wgate)
  (net 28 /~trk0)
  (net 29 /~wprot)
  (net 30 /~rdata)
  (net 31 /~side)
  (net 32 /~rdy)
  (net 33 "Net-(P2-Pad4)")
  (net 34 "Net-(P3-Pad2)")
  (net 35 "Net-(P3-Pad3)")
  (net 36 /rx)
  (net 37 /tx)
  (net 38 /swclk)
  (net 39 /boot0)
  (net 40 /ja)
  (net 41 /jb)
  (net 42 /jc)
  (net 43 "Net-(Q1-Pad1)")
  (net 44 "Net-(Q2-Pad1)")
  (net 45 "Net-(Q3-Pad1)")
  (net 46 "Net-(Q4-Pad1)")
  (net 47 "Net-(Q6-Pad1)")
  (net 48 /usb+)
  (net 49 /usb-)
  (net 50 "Net-(RN1-Pad2)")
  (net 51 "Net-(RN2-Pad2)")
  (net 52 "Net-(RN3-Pad2)")
  (net 53 "Net-(RN4-Pad2)")
  (net 54 "Net-(RN6-Pad2)")
  (net 55 /~index_3v3)
  (net 56 /~trk0_3v3)
  (net 57 /~wprot_3v3)
  (net 58 /~rdy_3v3)
  (net 59 /~rdata_3v3)
  (net 60 /~dskchg_3v3)
  (net 61 "Net-(U3-Pad2)")
  (net 62 "Net-(U3-Pad3)")
  (net 63 "Net-(U3-Pad4)")
  (net 64 "Net-(U3-Pad8)")
  (net 65 "Net-(U3-Pad9)")
  (net 66 "Net-(U3-Pad10)")
  (net 67 "Net-(U3-Pad11)")
  (net 68 "Net-(U3-Pad17)")
  (net 69 "Net-(U3-Pad20)")
  (net 70 "Net-(U3-Pad21)")
  (net 71 "Net-(U3-Pad22)")
  (net 72 "Net-(U3-Pad24)")
  (net 73 "Net-(U3-Pad25)")
  (net 74 "Net-(U3-Pad28)")
  (net 75 /spi_cs)
  (net 76 /spi_clk)
  (net 77 /spi_do)
  (net 78 /spi_di)
  (net 79 "Net-(S3-Pad2)")
  (net 80 "Net-(S4-Pad2)")
  (net 81 "Net-(U3-Pad40)")
  (net 82 "Net-(U3-Pad46)")
  (net 83 "Net-(U3-Pad50)")
  (net 84 "Net-(U3-Pad53)")
  (net 85 "Net-(U3-Pad54)")

  (net_class Default "This is the default net class."
    (clearance 0.25)
    (trace_width 0.25)
    (via_dia 0.6)
    (via_drill 0.4)
    (uvia_dia 0.3)
    (uvia_drill 0.1)
    (add_net /boot0)
    (add_net /dir)
    (add_net /disp_clk)
    (add_net /disp_dio)
    (add_net /j7_pin1)
    (add_net /j7_pin2)
    (add_net /ja)
    (add_net /jb)
    (add_net /jc)
    (add_net /nrst)
    (add_net /rx)
    (add_net /spi_clk)
    (add_net /spi_cs)
    (add_net /spi_di)
    (add_net /spi_do)
    (add_net /swclk)
    (add_net /tx)
    (add_net /usb+)
    (add_net /usb-)
    (add_net /~dskchg)
    (add_net /~dskchg_3v3)
    (add_net /~index)
    (add_net /~index_3v3)
    (add_net /~inuse)
    (add_net /~mtron)
    (add_net /~rdata)
    (add_net /~rdata_3v3)
    (add_net /~rdy)
    (add_net /~rdy_3v3)
    (add_net /~sel0)
    (add_net /~sel1)
    (add_net /~sel2)
    (add_net /~sel3)
    (add_net /~selx)
    (add_net /~side)
    (add_net /~step)
    (add_net /~trk0)
    (add_net /~trk0_3v3)
    (add_net /~wdata)
    (add_net /~wgate)
    (add_net /~wprot)
    (add_net /~wprot_3v3)
    (add_net "Net-(C3-Pad1)")
    (add_net "Net-(C5-Pad1)")
    (add_net "Net-(D1-Pad1)")
    (add_net "Net-(D1-Pad2)")
    (add_net "Net-(L35-Pad2)")
    (add_net "Net-(L4-Pad2)")
    (add_net "Net-(P2-Pad4)")
    (add_net "Net-(P3-Pad2)")
    (add_net "Net-(P3-Pad3)")
    (add_net "Net-(Q1-Pad1)")
    (add_net "Net-(Q2-Pad1)")
    (add_net "Net-(Q3-Pad1)")
    (add_net "Net-(Q4-Pad1)")
    (add_net "Net-(Q6-Pad1)")
    (add_net "Net-(RN1-Pad2)")
    (add_net "Net-(RN2-Pad2)")
    (add_net "Net-(RN3-Pad2)")
    (add_net "Net-(RN4-Pad2)")
    (add_net "Net-(RN6-Pad2)")
    (add_net "Net-(S3-Pad2)")
    (add_net "Net-(S4-Pad2)")
    (add_net "Net-(U3-Pad10)")
    (add_net "Net-(U3-Pad11)")
    (add_net "Net-(U3-Pad17)")
    (add_net "Net-(U3-Pad2)")
    (add_net "Net-(U3-Pad20)")
    (add_net "Net-(U3-Pad21)")
    (add_net "Net-(U3-Pad22)")
    (add_net "Net-(U3-Pad24)")
    (add_net "Net-(U3-Pad25)")
    (add_net "Net-(U3-Pad28)")
    (add_net "Net-(U3-Pad3)")
    (add_net "Net-(U3-Pad4)")
    (add_net "Net-(U3-Pad40)")
    (add_net "Net-(U3-Pad46)")
    (add_net "Net-(U3-Pad50)")
    (add_net "Net-(U3-Pad53)")
    (add_net "Net-(U3-Pad54)")
    (add_net "Net-(U3-Pad8)")
    (add_net "Net-(U3-Pad9)")
  )

  (net_class Power ""
    (clearance 0.25)
    (trace_width 0.75)
    (via_dia 0.8)
    (via_drill 0.6)
    (uvia_dia 0.3)
    (uvia_drill 0.1)
    (add_net +3V3)
    (add_net +5V)
    (add_net GND)
  )

  (net_class uC ""
    (clearance 0.15)
    (trace_width 0.2)
    (via_dia 0.6)
    (via_drill 0.4)
    (uvia_dia 0.3)
    (uvia_drill 0.1)
  )

  (module OpenFlops:MountingHole_M3_Pad locked (layer F.Cu) (tedit 5D3C3744) (tstamp 5D3CCAD3)
    (at 139.573 60.6425)
    (descr "Mounting Hole 3.2mm, M3")
    (tags "mounting hole 3.2mm m3")
    (path /5D4462D4)
    (zone_connect 2)
    (attr virtual)
    (fp_text reference H2 (at 0 -4.2) (layer F.SilkS) hide
      (effects (font (size 1 1) (thickness 0.15)))
    )
    (fp_text value MountingHole_Pad (at 0 4.2) (layer F.Fab)
      (effects (font (size 1 1) (thickness 0.15)))
    )
    (fp_circle (center 0 0) (end 2.75 0) (layer F.CrtYd) (width 0.05))
    (fp_circle (center 0 0) (end 2.5 0) (layer Cmts.User) (width 0.15))
    (fp_text user %R (at 0.3 0) (layer F.Fab)
      (effects (font (size 1 1) (thickness 0.15)))
    )
    (pad 1 thru_hole circle (at 0 0) (size 5 5) (drill 3.2) (layers *.Cu *.Mask)
      (net 1 GND) (zone_connect 2))
  )

  (module OpenFlops:MountingHole_M3_Pad locked (layer F.Cu) (tedit 5D3C3744) (tstamp 5D3CCACC)
    (at 118.491 60.6425)
    (descr "Mounting Hole 3.2mm, M3")
    (tags "mounting hole 3.2mm m3")
    (path /5D3EC7E2)
    (zone_connect 2)
    (attr virtual)
    (fp_text reference H1 (at 0 -4.2) (layer F.SilkS) hide
      (effects (font (size 1 1) (thickness 0.15)))
    )
    (fp_text value MountingHole_Pad (at 0 4.2) (layer F.Fab)
      (effects (font (size 1 1) (thickness 0.15)))
    )
    (fp_circle (center 0 0) (end 2.75 0) (layer F.CrtYd) (width 0.05))
    (fp_circle (center 0 0) (end 2.5 0) (layer Cmts.User) (width 0.15))
    (fp_text user %R (at 0.3 0) (layer F.Fab)
      (effects (font (size 1 1) (thickness 0.15)))
    )
    (pad 1 thru_hole circle (at 0 0) (size 5 5) (drill 3.2) (layers *.Cu *.Mask)
      (net 1 GND) (zone_connect 2))
  )

  (module OpenFlops:MountingHole_M3_Pad locked (layer F.Cu) (tedit 5D3C3744) (tstamp 5D3CCADA)
    (at 118.491 110.363)
    (descr "Mounting Hole 3.2mm, M3")
    (tags "mounting hole 3.2mm m3")
    (path /5D446F95)
    (zone_connect 2)
    (attr virtual)
    (fp_text reference H3 (at 0 -4.2) (layer F.SilkS) hide
      (effects (font (size 1 1) (thickness 0.15)))
    )
    (fp_text value MountingHole_Pad (at 0 4.2) (layer F.Fab)
      (effects (font (size 1 1) (thickness 0.15)))
    )
    (fp_circle (center 0 0) (end 2.75 0) (layer F.CrtYd) (width 0.05))
    (fp_circle (center 0 0) (end 2.5 0) (layer Cmts.User) (width 0.15))
    (fp_text user %R (at 0.3 0) (layer F.Fab)
      (effects (font (size 1 1) (thickness 0.15)))
    )
    (pad 1 thru_hole circle (at 0 0) (size 5 5) (drill 3.2) (layers *.Cu *.Mask)
      (net 1 GND) (zone_connect 2))
  )

  (module OpenFlops:MountingHole_M3_Pad locked (layer F.Cu) (tedit 5D3C3744) (tstamp 5D3CCAE1)
    (at 139.573 110.363)
    (descr "Mounting Hole 3.2mm, M3")
    (tags "mounting hole 3.2mm m3")
    (path /5D4BD113)
    (zone_connect 2)
    (attr virtual)
    (fp_text reference H4 (at 0 -4.2) (layer F.SilkS) hide
      (effects (font (size 1 1) (thickness 0.15)))
    )
    (fp_text value MountingHole_Pad (at 0 4.2) (layer F.Fab)
      (effects (font (size 1 1) (thickness 0.15)))
    )
    (fp_circle (center 0 0) (end 2.75 0) (layer F.CrtYd) (width 0.05))
    (fp_circle (center 0 0) (end 2.5 0) (layer Cmts.User) (width 0.15))
    (fp_text user %R (at 0.3 0) (layer F.Fab)
      (effects (font (size 1 1) (thickness 0.15)))
    )
    (pad 1 thru_hole circle (at 0 0) (size 5 5) (drill 3.2) (layers *.Cu *.Mask)
      (net 1 GND) (zone_connect 2))
  )

  (module OpenFlops:MountingHole_M3_Pad locked (layer F.Cu) (tedit 5D3C3744) (tstamp 5D3CCAE8)
    (at 189.357 60.6425)
    (descr "Mounting Hole 3.2mm, M3")
    (tags "mounting hole 3.2mm m3")
    (path /5D4BD11D)
    (zone_connect 2)
    (attr virtual)
    (fp_text reference H5 (at 0 -4.2) (layer F.SilkS) hide
      (effects (font (size 1 1) (thickness 0.15)))
    )
    (fp_text value MountingHole_Pad (at 0 4.2) (layer F.Fab)
      (effects (font (size 1 1) (thickness 0.15)))
    )
    (fp_circle (center 0 0) (end 2.75 0) (layer F.CrtYd) (width 0.05))
    (fp_circle (center 0 0) (end 2.5 0) (layer Cmts.User) (width 0.15))
    (fp_text user %R (at 0.3 0) (layer F.Fab)
      (effects (font (size 1 1) (thickness 0.15)))
    )
    (pad 1 thru_hole circle (at 0 0) (size 5 5) (drill 3.2) (layers *.Cu *.Mask)
      (net 1 GND) (zone_connect 2))
  )

  (module OpenFlops:USB_A_FEMALE (layer F.Cu) (tedit 5D3B8CE0) (tstamp 5D3B3731)
    (at 201.1375 85.183 90)
    (path /5D756071)
    (fp_text reference P3 (at -7.84845 1.66285) (layer F.SilkS)
      (effects (font (size 1 1) (thickness 0.15)))
    )
    (fp_text value USB_A_FEMALE (at -0.034 0.0305 90) (layer F.SilkS)
      (effects (font (size 1 1) (thickness 0.15)))
    )
    (fp_line (start -6.8 -5.1) (end -6.8 -7.85) (layer Eco1.User) (width 0.05))
    (fp_line (start -7.8 -5.1) (end -6.8 -5.1) (layer Eco1.User) (width 0.05))
    (fp_line (start -7.8 -2.55) (end -7.8 -5.1) (layer Eco1.User) (width 0.05))
    (fp_line (start -6.8 -2.55) (end -7.8 -2.55) (layer Eco1.User) (width 0.05))
    (fp_line (start -6.8 6.75) (end -6.8 -2.55) (layer Eco1.User) (width 0.05))
    (fp_line (start 6.8 6.75) (end -6.8 6.75) (layer Eco1.User) (width 0.05))
    (fp_line (start 6.8 -2.55) (end 6.8 6.75) (layer Eco1.User) (width 0.05))
    (fp_line (start 7.8 -2.55) (end 6.8 -2.55) (layer Eco1.User) (width 0.05))
    (fp_line (start 7.8 -5.1) (end 7.8 -2.55) (layer Eco1.User) (width 0.05))
    (fp_line (start 6.8 -5.1) (end 7.8 -5.1) (layer Eco1.User) (width 0.05))
    (fp_line (start 6.8 -7.85) (end 6.8 -5.1) (layer Eco1.User) (width 0.05))
    (fp_line (start -6.8 -7.85) (end 6.8 -7.85) (layer Eco1.User) (width 0.05))
    (fp_line (start 6.55 -7.6) (end 6.55 -5.3) (layer F.SilkS) (width 0.2))
    (fp_line (start -6.55 -7.6) (end 6.55 -7.6) (layer F.SilkS) (width 0.2))
    (fp_line (start -6.55 -5.3) (end -6.55 -7.6) (layer F.SilkS) (width 0.2))
    (fp_line (start 6.55 6.5) (end 6.55 -2.3) (layer F.SilkS) (width 0.2))
    (fp_line (start -6.55 6.5) (end 6.55 6.5) (layer F.SilkS) (width 0.2))
    (fp_line (start -6.55 -2.3) (end -6.55 6.5) (layer F.SilkS) (width 0.2))
    (pad 5 thru_hole circle (at 6.57 -3.8 90) (size 3 3) (drill 2.3) (layers *.Cu *.Mask)
      (net 1 GND))
    (pad 5 thru_hole circle (at -6.57 -3.8 90) (size 3 3) (drill 2.3) (layers *.Cu *.Mask)
      (net 1 GND))
    (pad 4 thru_hole circle (at 3.5 -6.51 90) (size 1.428 1.428) (drill 0.92) (layers *.Cu *.Mask)
      (net 1 GND))
    (pad 3 thru_hole circle (at 1 -6.51 90) (size 1.428 1.428) (drill 0.92) (layers *.Cu *.Mask)
      (net 35 "Net-(P3-Pad3)"))
    (pad 2 thru_hole circle (at -1 -6.51 90) (size 1.428 1.428) (drill 0.92) (layers *.Cu *.Mask)
      (net 34 "Net-(P3-Pad2)"))
    (pad 1 thru_hole circle (at -3.5 -6.51 90) (size 1.428 1.428) (drill 0.92) (layers *.Cu *.Mask)
      (net 6 +5V))
    (model ${KIPRJMOD}/OpenFlops.pretty/USB_A_FEMALE.step
      (offset (xyz 0 -6.5 4.1))
      (scale (xyz 1 1 1))
      (rotate (xyz -90 0 0))
    )
  )

  (module OpenFlops:PUSH_BUTTON_RIGHT_ANGLE (layer F.Cu) (tedit 5D3B8C72) (tstamp 5D3B8AC8)
    (at 202.271 60.254 90)
    (path /5D5C2554)
    (fp_text reference S3 (at 0.042527 -2.373 180) (layer F.SilkS)
      (effects (font (size 1 1) (thickness 0.15)))
    )
    (fp_text value BT_RIGHT (at -0.425465 7.37317 90) (layer F.SilkS) hide
      (effects (font (size 1.00111 1.00111) (thickness 0.05)))
    )
    (fp_line (start -4.73 6.6) (end -4.73 -4.25) (layer Eco1.User) (width 0.05))
    (fp_line (start 4.73 6.6) (end -4.73 6.6) (layer Eco1.User) (width 0.05))
    (fp_line (start 4.73 -4.25) (end 4.73 6.6) (layer Eco1.User) (width 0.05))
    (fp_line (start -4.73 -4.25) (end 4.73 -4.25) (layer Eco1.User) (width 0.05))
    (fp_line (start 3.6 -4) (end 3.6 -3.8) (layer F.SilkS) (width 0.127))
    (fp_line (start -3.6 -4) (end -3.6 -3.8) (layer F.SilkS) (width 0.127))
    (fp_line (start 3.6 2.5) (end 3.6 -1.2) (layer F.SilkS) (width 0.127))
    (fp_line (start -3.6 2.5) (end -3.6 -1.2) (layer F.SilkS) (width 0.127))
    (fp_line (start 3.6 2.5) (end -3.6 2.5) (layer F.SilkS) (width 0.127))
    (fp_line (start -3.6 -4) (end 3.6 -4) (layer F.SilkS) (width 0.127))
    (fp_line (start -3.6 6.35) (end -3.6 -4) (layer Eco2.User) (width 0.127))
    (fp_line (start 3.6 6.35) (end -3.6 6.35) (layer Eco2.User) (width 0.127))
    (fp_line (start 3.6 -4) (end 3.6 6.35) (layer Eco2.User) (width 0.127))
    (fp_line (start -3.6 -4) (end 3.6 -4) (layer Eco2.User) (width 0.127))
    (pad "" thru_hole circle (at 3.5 -2.5 90) (size 1.95 1.95) (drill 1.3) (layers *.Cu *.Mask))
    (pad "" thru_hole circle (at -3.5 -2.5 90) (size 1.95 1.95) (drill 1.3) (layers *.Cu *.Mask))
    (pad 2 thru_hole circle (at 2.275 0 90) (size 1.508 1.508) (drill 1) (layers *.Cu *.Mask)
      (net 79 "Net-(S3-Pad2)"))
    (pad 1 thru_hole circle (at -2.275 0 90) (size 1.508 1.508) (drill 1) (layers *.Cu *.Mask)
      (net 1 GND))
  )

  (module OpenFlops:PUSH_BUTTON_RIGHT_ANGLE (layer F.Cu) (tedit 5D3B8C72) (tstamp 5D3B8ADF)
    (at 202.271 67.254 90)
    (path /5D5C315F)
    (fp_text reference S4 (at 0.042527 -2.373 180) (layer F.SilkS)
      (effects (font (size 1 1) (thickness 0.15)))
    )
    (fp_text value BT_LEFT (at -0.425465 7.37317 90) (layer F.SilkS) hide
      (effects (font (size 1.00111 1.00111) (thickness 0.05)))
    )
    (fp_line (start -4.73 6.6) (end -4.73 -4.25) (layer Eco1.User) (width 0.05))
    (fp_line (start 4.73 6.6) (end -4.73 6.6) (layer Eco1.User) (width 0.05))
    (fp_line (start 4.73 -4.25) (end 4.73 6.6) (layer Eco1.User) (width 0.05))
    (fp_line (start -4.73 -4.25) (end 4.73 -4.25) (layer Eco1.User) (width 0.05))
    (fp_line (start 3.6 -4) (end 3.6 -3.8) (layer F.SilkS) (width 0.127))
    (fp_line (start -3.6 -4) (end -3.6 -3.8) (layer F.SilkS) (width 0.127))
    (fp_line (start 3.6 2.5) (end 3.6 -1.2) (layer F.SilkS) (width 0.127))
    (fp_line (start -3.6 2.5) (end -3.6 -1.2) (layer F.SilkS) (width 0.127))
    (fp_line (start 3.6 2.5) (end -3.6 2.5) (layer F.SilkS) (width 0.127))
    (fp_line (start -3.6 -4) (end 3.6 -4) (layer F.SilkS) (width 0.127))
    (fp_line (start -3.6 6.35) (end -3.6 -4) (layer Eco2.User) (width 0.127))
    (fp_line (start 3.6 6.35) (end -3.6 6.35) (layer Eco2.User) (width 0.127))
    (fp_line (start 3.6 -4) (end 3.6 6.35) (layer Eco2.User) (width 0.127))
    (fp_line (start -3.6 -4) (end 3.6 -4) (layer Eco2.User) (width 0.127))
    (pad "" thru_hole circle (at 3.5 -2.5 90) (size 1.95 1.95) (drill 1.3) (layers *.Cu *.Mask))
    (pad "" thru_hole circle (at -3.5 -2.5 90) (size 1.95 1.95) (drill 1.3) (layers *.Cu *.Mask))
    (pad 2 thru_hole circle (at 2.275 0 90) (size 1.508 1.508) (drill 1) (layers *.Cu *.Mask)
      (net 80 "Net-(S4-Pad2)"))
    (pad 1 thru_hole circle (at -2.275 0 90) (size 1.508 1.508) (drill 1) (layers *.Cu *.Mask)
      (net 1 GND))
  )

  (module Capacitor_SMD:C_0805_2012Metric_Pad1.15x1.40mm_HandSolder (layer F.Cu) (tedit 5B36C52B) (tstamp 5D3970D0)
    (at 150.114 68.326 90)
    (descr "Capacitor SMD 0805 (2012 Metric), square (rectangular) end terminal, IPC_7351 nominal with elongated pad for handsoldering. (Body size source: https://docs.google.com/spreadsheets/d/1BsfQQcO9C6DZCsRaXUlFlo91Tg2WpOkGARC1WS5S8t0/edit?usp=sharing), generated with kicad-footprint-generator")
    (tags "capacitor handsolder")
    (path /5D3A5E9D)
    (attr smd)
    (fp_text reference C3 (at 3.048 0 180) (layer F.SilkS)
      (effects (font (size 1 1) (thickness 0.15)))
    )
    (fp_text value 22p (at 0 1.65 90) (layer F.Fab)
      (effects (font (size 1 1) (thickness 0.15)))
    )
    (fp_text user %R (at 0 0 90) (layer F.Fab)
      (effects (font (size 0.5 0.5) (thickness 0.08)))
    )
    (fp_line (start 1.85 0.95) (end -1.85 0.95) (layer F.CrtYd) (width 0.05))
    (fp_line (start 1.85 -0.95) (end 1.85 0.95) (layer F.CrtYd) (width 0.05))
    (fp_line (start -1.85 -0.95) (end 1.85 -0.95) (layer F.CrtYd) (width 0.05))
    (fp_line (start -1.85 0.95) (end -1.85 -0.95) (layer F.CrtYd) (width 0.05))
    (fp_line (start -0.261252 0.71) (end 0.261252 0.71) (layer F.SilkS) (width 0.12))
    (fp_line (start -0.261252 -0.71) (end 0.261252 -0.71) (layer F.SilkS) (width 0.12))
    (fp_line (start 1 0.6) (end -1 0.6) (layer F.Fab) (width 0.1))
    (fp_line (start 1 -0.6) (end 1 0.6) (layer F.Fab) (width 0.1))
    (fp_line (start -1 -0.6) (end 1 -0.6) (layer F.Fab) (width 0.1))
    (fp_line (start -1 0.6) (end -1 -0.6) (layer F.Fab) (width 0.1))
    (pad 2 smd roundrect (at 1.025 0 90) (size 1.15 1.4) (layers F.Cu F.Paste F.Mask) (roundrect_rratio 0.217391)
      (net 1 GND))
    (pad 1 smd roundrect (at -1.025 0 90) (size 1.15 1.4) (layers F.Cu F.Paste F.Mask) (roundrect_rratio 0.217391)
      (net 2 "Net-(C3-Pad1)"))
    (model ${KISYS3DMOD}/Capacitor_SMD.3dshapes/C_0805_2012Metric.wrl
      (at (xyz 0 0 0))
      (scale (xyz 1 1 1))
      (rotate (xyz 0 0 0))
    )
  )

  (module Capacitor_SMD:C_0805_2012Metric_Pad1.15x1.40mm_HandSolder (layer F.Cu) (tedit 5B36C52B) (tstamp 5D3970E1)
    (at 147.066 73.152 270)
    (descr "Capacitor SMD 0805 (2012 Metric), square (rectangular) end terminal, IPC_7351 nominal with elongated pad for handsoldering. (Body size source: https://docs.google.com/spreadsheets/d/1BsfQQcO9C6DZCsRaXUlFlo91Tg2WpOkGARC1WS5S8t0/edit?usp=sharing), generated with kicad-footprint-generator")
    (tags "capacitor handsolder")
    (path /5D565E6D)
    (attr smd)
    (fp_text reference C4 (at 3.302 0 180) (layer F.SilkS)
      (effects (font (size 1 1) (thickness 0.15)))
    )
    (fp_text value 100n (at 0 1.65 90) (layer F.Fab)
      (effects (font (size 1 1) (thickness 0.15)))
    )
    (fp_line (start -1 0.6) (end -1 -0.6) (layer F.Fab) (width 0.1))
    (fp_line (start -1 -0.6) (end 1 -0.6) (layer F.Fab) (width 0.1))
    (fp_line (start 1 -0.6) (end 1 0.6) (layer F.Fab) (width 0.1))
    (fp_line (start 1 0.6) (end -1 0.6) (layer F.Fab) (width 0.1))
    (fp_line (start -0.261252 -0.71) (end 0.261252 -0.71) (layer F.SilkS) (width 0.12))
    (fp_line (start -0.261252 0.71) (end 0.261252 0.71) (layer F.SilkS) (width 0.12))
    (fp_line (start -1.85 0.95) (end -1.85 -0.95) (layer F.CrtYd) (width 0.05))
    (fp_line (start -1.85 -0.95) (end 1.85 -0.95) (layer F.CrtYd) (width 0.05))
    (fp_line (start 1.85 -0.95) (end 1.85 0.95) (layer F.CrtYd) (width 0.05))
    (fp_line (start 1.85 0.95) (end -1.85 0.95) (layer F.CrtYd) (width 0.05))
    (fp_text user %R (at 0 0 90) (layer F.Fab)
      (effects (font (size 0.5 0.5) (thickness 0.08)))
    )
    (pad 1 smd roundrect (at -1.025 0 270) (size 1.15 1.4) (layers F.Cu F.Paste F.Mask) (roundrect_rratio 0.217391)
      (net 3 /nrst))
    (pad 2 smd roundrect (at 1.025 0 270) (size 1.15 1.4) (layers F.Cu F.Paste F.Mask) (roundrect_rratio 0.217391)
      (net 1 GND))
    (model ${KISYS3DMOD}/Capacitor_SMD.3dshapes/C_0805_2012Metric.wrl
      (at (xyz 0 0 0))
      (scale (xyz 1 1 1))
      (rotate (xyz 0 0 0))
    )
  )

  (module Capacitor_SMD:C_0805_2012Metric_Pad1.15x1.40mm_HandSolder (layer F.Cu) (tedit 5B36C52B) (tstamp 5D3970F2)
    (at 150.114 73.152 270)
    (descr "Capacitor SMD 0805 (2012 Metric), square (rectangular) end terminal, IPC_7351 nominal with elongated pad for handsoldering. (Body size source: https://docs.google.com/spreadsheets/d/1BsfQQcO9C6DZCsRaXUlFlo91Tg2WpOkGARC1WS5S8t0/edit?usp=sharing), generated with kicad-footprint-generator")
    (tags "capacitor handsolder")
    (path /5D3A791F)
    (attr smd)
    (fp_text reference C5 (at 3.302 0 180) (layer F.SilkS)
      (effects (font (size 1 1) (thickness 0.15)))
    )
    (fp_text value 22p (at 0 1.65 90) (layer F.Fab)
      (effects (font (size 1 1) (thickness 0.15)))
    )
    (fp_line (start -1 0.6) (end -1 -0.6) (layer F.Fab) (width 0.1))
    (fp_line (start -1 -0.6) (end 1 -0.6) (layer F.Fab) (width 0.1))
    (fp_line (start 1 -0.6) (end 1 0.6) (layer F.Fab) (width 0.1))
    (fp_line (start 1 0.6) (end -1 0.6) (layer F.Fab) (width 0.1))
    (fp_line (start -0.261252 -0.71) (end 0.261252 -0.71) (layer F.SilkS) (width 0.12))
    (fp_line (start -0.261252 0.71) (end 0.261252 0.71) (layer F.SilkS) (width 0.12))
    (fp_line (start -1.85 0.95) (end -1.85 -0.95) (layer F.CrtYd) (width 0.05))
    (fp_line (start -1.85 -0.95) (end 1.85 -0.95) (layer F.CrtYd) (width 0.05))
    (fp_line (start 1.85 -0.95) (end 1.85 0.95) (layer F.CrtYd) (width 0.05))
    (fp_line (start 1.85 0.95) (end -1.85 0.95) (layer F.CrtYd) (width 0.05))
    (fp_text user %R (at 0 0 90) (layer F.Fab)
      (effects (font (size 0.5 0.5) (thickness 0.08)))
    )
    (pad 1 smd roundrect (at -1.025 0 270) (size 1.15 1.4) (layers F.Cu F.Paste F.Mask) (roundrect_rratio 0.217391)
      (net 4 "Net-(C5-Pad1)"))
    (pad 2 smd roundrect (at 1.025 0 270) (size 1.15 1.4) (layers F.Cu F.Paste F.Mask) (roundrect_rratio 0.217391)
      (net 1 GND))
    (model ${KISYS3DMOD}/Capacitor_SMD.3dshapes/C_0805_2012Metric.wrl
      (at (xyz 0 0 0))
      (scale (xyz 1 1 1))
      (rotate (xyz 0 0 0))
    )
  )

  (module Capacitor_SMD:C_0805_2012Metric_Pad1.15x1.40mm_HandSolder (layer F.Cu) (tedit 5B36C52B) (tstamp 5D397103)
    (at 160.528 69.723 90)
    (descr "Capacitor SMD 0805 (2012 Metric), square (rectangular) end terminal, IPC_7351 nominal with elongated pad for handsoldering. (Body size source: https://docs.google.com/spreadsheets/d/1BsfQQcO9C6DZCsRaXUlFlo91Tg2WpOkGARC1WS5S8t0/edit?usp=sharing), generated with kicad-footprint-generator")
    (tags "capacitor handsolder")
    (path /5E1D7D0A)
    (attr smd)
    (fp_text reference C6 (at 2.921 0 180) (layer F.SilkS)
      (effects (font (size 1 1) (thickness 0.15)))
    )
    (fp_text value 100n (at 0 1.65 90) (layer F.Fab)
      (effects (font (size 1 1) (thickness 0.15)))
    )
    (fp_text user %R (at 0 0 90) (layer F.Fab)
      (effects (font (size 0.5 0.5) (thickness 0.08)))
    )
    (fp_line (start 1.85 0.95) (end -1.85 0.95) (layer F.CrtYd) (width 0.05))
    (fp_line (start 1.85 -0.95) (end 1.85 0.95) (layer F.CrtYd) (width 0.05))
    (fp_line (start -1.85 -0.95) (end 1.85 -0.95) (layer F.CrtYd) (width 0.05))
    (fp_line (start -1.85 0.95) (end -1.85 -0.95) (layer F.CrtYd) (width 0.05))
    (fp_line (start -0.261252 0.71) (end 0.261252 0.71) (layer F.SilkS) (width 0.12))
    (fp_line (start -0.261252 -0.71) (end 0.261252 -0.71) (layer F.SilkS) (width 0.12))
    (fp_line (start 1 0.6) (end -1 0.6) (layer F.Fab) (width 0.1))
    (fp_line (start 1 -0.6) (end 1 0.6) (layer F.Fab) (width 0.1))
    (fp_line (start -1 -0.6) (end 1 -0.6) (layer F.Fab) (width 0.1))
    (fp_line (start -1 0.6) (end -1 -0.6) (layer F.Fab) (width 0.1))
    (pad 2 smd roundrect (at 1.025 0 90) (size 1.15 1.4) (layers F.Cu F.Paste F.Mask) (roundrect_rratio 0.217391)
      (net 1 GND))
    (pad 1 smd roundrect (at -1.025 0 90) (size 1.15 1.4) (layers F.Cu F.Paste F.Mask) (roundrect_rratio 0.217391)
      (net 5 +3V3))
    (model ${KISYS3DMOD}/Capacitor_SMD.3dshapes/C_0805_2012Metric.wrl
      (at (xyz 0 0 0))
      (scale (xyz 1 1 1))
      (rotate (xyz 0 0 0))
    )
  )

  (module Capacitor_SMD:C_0805_2012Metric_Pad1.15x1.40mm_HandSolder (layer F.Cu) (tedit 5B36C52B) (tstamp 5D397114)
    (at 181.102 73.457 90)
    (descr "Capacitor SMD 0805 (2012 Metric), square (rectangular) end terminal, IPC_7351 nominal with elongated pad for handsoldering. (Body size source: https://docs.google.com/spreadsheets/d/1BsfQQcO9C6DZCsRaXUlFlo91Tg2WpOkGARC1WS5S8t0/edit?usp=sharing), generated with kicad-footprint-generator")
    (tags "capacitor handsolder")
    (path /5E1D8B51)
    (attr smd)
    (fp_text reference C7 (at 2.718 0 180) (layer F.SilkS)
      (effects (font (size 1 1) (thickness 0.15)))
    )
    (fp_text value 100n (at 0 1.65 90) (layer F.Fab)
      (effects (font (size 1 1) (thickness 0.15)))
    )
    (fp_line (start -1 0.6) (end -1 -0.6) (layer F.Fab) (width 0.1))
    (fp_line (start -1 -0.6) (end 1 -0.6) (layer F.Fab) (width 0.1))
    (fp_line (start 1 -0.6) (end 1 0.6) (layer F.Fab) (width 0.1))
    (fp_line (start 1 0.6) (end -1 0.6) (layer F.Fab) (width 0.1))
    (fp_line (start -0.261252 -0.71) (end 0.261252 -0.71) (layer F.SilkS) (width 0.12))
    (fp_line (start -0.261252 0.71) (end 0.261252 0.71) (layer F.SilkS) (width 0.12))
    (fp_line (start -1.85 0.95) (end -1.85 -0.95) (layer F.CrtYd) (width 0.05))
    (fp_line (start -1.85 -0.95) (end 1.85 -0.95) (layer F.CrtYd) (width 0.05))
    (fp_line (start 1.85 -0.95) (end 1.85 0.95) (layer F.CrtYd) (width 0.05))
    (fp_line (start 1.85 0.95) (end -1.85 0.95) (layer F.CrtYd) (width 0.05))
    (fp_text user %R (at 0 0 90) (layer F.Fab)
      (effects (font (size 0.5 0.5) (thickness 0.08)))
    )
    (pad 1 smd roundrect (at -1.025 0 90) (size 1.15 1.4) (layers F.Cu F.Paste F.Mask) (roundrect_rratio 0.217391)
      (net 5 +3V3))
    (pad 2 smd roundrect (at 1.025 0 90) (size 1.15 1.4) (layers F.Cu F.Paste F.Mask) (roundrect_rratio 0.217391)
      (net 1 GND))
    (model ${KISYS3DMOD}/Capacitor_SMD.3dshapes/C_0805_2012Metric.wrl
      (at (xyz 0 0 0))
      (scale (xyz 1 1 1))
      (rotate (xyz 0 0 0))
    )
  )

  (module Capacitor_SMD:C_0805_2012Metric_Pad1.15x1.40mm_HandSolder (layer F.Cu) (tedit 5B36C52B) (tstamp 5D397125)
    (at 163.865 87.249 180)
    (descr "Capacitor SMD 0805 (2012 Metric), square (rectangular) end terminal, IPC_7351 nominal with elongated pad for handsoldering. (Body size source: https://docs.google.com/spreadsheets/d/1BsfQQcO9C6DZCsRaXUlFlo91Tg2WpOkGARC1WS5S8t0/edit?usp=sharing), generated with kicad-footprint-generator")
    (tags "capacitor handsolder")
    (path /5E1D90DC)
    (attr smd)
    (fp_text reference C8 (at 3.464 0) (layer F.SilkS)
      (effects (font (size 1 1) (thickness 0.15)))
    )
    (fp_text value 100n (at 0 1.65) (layer F.Fab)
      (effects (font (size 1 1) (thickness 0.15)))
    )
    (fp_line (start -1 0.6) (end -1 -0.6) (layer F.Fab) (width 0.1))
    (fp_line (start -1 -0.6) (end 1 -0.6) (layer F.Fab) (width 0.1))
    (fp_line (start 1 -0.6) (end 1 0.6) (layer F.Fab) (width 0.1))
    (fp_line (start 1 0.6) (end -1 0.6) (layer F.Fab) (width 0.1))
    (fp_line (start -0.261252 -0.71) (end 0.261252 -0.71) (layer F.SilkS) (width 0.12))
    (fp_line (start -0.261252 0.71) (end 0.261252 0.71) (layer F.SilkS) (width 0.12))
    (fp_line (start -1.85 0.95) (end -1.85 -0.95) (layer F.CrtYd) (width 0.05))
    (fp_line (start -1.85 -0.95) (end 1.85 -0.95) (layer F.CrtYd) (width 0.05))
    (fp_line (start 1.85 -0.95) (end 1.85 0.95) (layer F.CrtYd) (width 0.05))
    (fp_line (start 1.85 0.95) (end -1.85 0.95) (layer F.CrtYd) (width 0.05))
    (fp_text user %R (at 0 0) (layer F.Fab)
      (effects (font (size 0.5 0.5) (thickness 0.08)))
    )
    (pad 1 smd roundrect (at -1.025 0 180) (size 1.15 1.4) (layers F.Cu F.Paste F.Mask) (roundrect_rratio 0.217391)
      (net 5 +3V3))
    (pad 2 smd roundrect (at 1.025 0 180) (size 1.15 1.4) (layers F.Cu F.Paste F.Mask) (roundrect_rratio 0.217391)
      (net 1 GND))
    (model ${KISYS3DMOD}/Capacitor_SMD.3dshapes/C_0805_2012Metric.wrl
      (at (xyz 0 0 0))
      (scale (xyz 1 1 1))
      (rotate (xyz 0 0 0))
    )
  )

  (module Capacitor_SMD:C_0805_2012Metric_Pad1.15x1.40mm_HandSolder (layer F.Cu) (tedit 5B36C52B) (tstamp 5D397136)
    (at 154.94 80.01 90)
    (descr "Capacitor SMD 0805 (2012 Metric), square (rectangular) end terminal, IPC_7351 nominal with elongated pad for handsoldering. (Body size source: https://docs.google.com/spreadsheets/d/1BsfQQcO9C6DZCsRaXUlFlo91Tg2WpOkGARC1WS5S8t0/edit?usp=sharing), generated with kicad-footprint-generator")
    (tags "capacitor handsolder")
    (path /5E1D9A31)
    (attr smd)
    (fp_text reference C9 (at -3.048 0 180) (layer F.SilkS)
      (effects (font (size 1 1) (thickness 0.15)))
    )
    (fp_text value 100n (at 0 1.65 90) (layer F.Fab)
      (effects (font (size 1 1) (thickness 0.15)))
    )
    (fp_text user %R (at 0 0 90) (layer F.Fab)
      (effects (font (size 0.5 0.5) (thickness 0.08)))
    )
    (fp_line (start 1.85 0.95) (end -1.85 0.95) (layer F.CrtYd) (width 0.05))
    (fp_line (start 1.85 -0.95) (end 1.85 0.95) (layer F.CrtYd) (width 0.05))
    (fp_line (start -1.85 -0.95) (end 1.85 -0.95) (layer F.CrtYd) (width 0.05))
    (fp_line (start -1.85 0.95) (end -1.85 -0.95) (layer F.CrtYd) (width 0.05))
    (fp_line (start -0.261252 0.71) (end 0.261252 0.71) (layer F.SilkS) (width 0.12))
    (fp_line (start -0.261252 -0.71) (end 0.261252 -0.71) (layer F.SilkS) (width 0.12))
    (fp_line (start 1 0.6) (end -1 0.6) (layer F.Fab) (width 0.1))
    (fp_line (start 1 -0.6) (end 1 0.6) (layer F.Fab) (width 0.1))
    (fp_line (start -1 -0.6) (end 1 -0.6) (layer F.Fab) (width 0.1))
    (fp_line (start -1 0.6) (end -1 -0.6) (layer F.Fab) (width 0.1))
    (pad 2 smd roundrect (at 1.025 0 90) (size 1.15 1.4) (layers F.Cu F.Paste F.Mask) (roundrect_rratio 0.217391)
      (net 1 GND))
    (pad 1 smd roundrect (at -1.025 0 90) (size 1.15 1.4) (layers F.Cu F.Paste F.Mask) (roundrect_rratio 0.217391)
      (net 5 +3V3))
    (model ${KISYS3DMOD}/Capacitor_SMD.3dshapes/C_0805_2012Metric.wrl
      (at (xyz 0 0 0))
      (scale (xyz 1 1 1))
      (rotate (xyz 0 0 0))
    )
  )

  (module Capacitor_SMD:C_0805_2012Metric_Pad1.15x1.40mm_HandSolder (layer F.Cu) (tedit 5B36C52B) (tstamp 5D397147)
    (at 177.292 85.6525 90)
    (descr "Capacitor SMD 0805 (2012 Metric), square (rectangular) end terminal, IPC_7351 nominal with elongated pad for handsoldering. (Body size source: https://docs.google.com/spreadsheets/d/1BsfQQcO9C6DZCsRaXUlFlo91Tg2WpOkGARC1WS5S8t0/edit?usp=sharing), generated with kicad-footprint-generator")
    (tags "capacitor handsolder")
    (path /5E7466C6)
    (attr smd)
    (fp_text reference C16 (at 2.8575 0 180) (layer F.SilkS)
      (effects (font (size 1 1) (thickness 0.15)))
    )
    (fp_text value 100n (at 0 1.65 90) (layer F.Fab)
      (effects (font (size 1 1) (thickness 0.15)))
    )
    (fp_text user %R (at 0 0 90) (layer F.Fab)
      (effects (font (size 0.5 0.5) (thickness 0.08)))
    )
    (fp_line (start 1.85 0.95) (end -1.85 0.95) (layer F.CrtYd) (width 0.05))
    (fp_line (start 1.85 -0.95) (end 1.85 0.95) (layer F.CrtYd) (width 0.05))
    (fp_line (start -1.85 -0.95) (end 1.85 -0.95) (layer F.CrtYd) (width 0.05))
    (fp_line (start -1.85 0.95) (end -1.85 -0.95) (layer F.CrtYd) (width 0.05))
    (fp_line (start -0.261252 0.71) (end 0.261252 0.71) (layer F.SilkS) (width 0.12))
    (fp_line (start -0.261252 -0.71) (end 0.261252 -0.71) (layer F.SilkS) (width 0.12))
    (fp_line (start 1 0.6) (end -1 0.6) (layer F.Fab) (width 0.1))
    (fp_line (start 1 -0.6) (end 1 0.6) (layer F.Fab) (width 0.1))
    (fp_line (start -1 -0.6) (end 1 -0.6) (layer F.Fab) (width 0.1))
    (fp_line (start -1 0.6) (end -1 -0.6) (layer F.Fab) (width 0.1))
    (pad 2 smd roundrect (at 1.025 0 90) (size 1.15 1.4) (layers F.Cu F.Paste F.Mask) (roundrect_rratio 0.217391)
      (net 1 GND))
    (pad 1 smd roundrect (at -1.025 0 90) (size 1.15 1.4) (layers F.Cu F.Paste F.Mask) (roundrect_rratio 0.217391)
      (net 5 +3V3))
    (model ${KISYS3DMOD}/Capacitor_SMD.3dshapes/C_0805_2012Metric.wrl
      (at (xyz 0 0 0))
      (scale (xyz 1 1 1))
      (rotate (xyz 0 0 0))
    )
  )

  (module Capacitor_THT:CP_Radial_D6.3mm_P2.50mm (layer F.Cu) (tedit 5AE50EF0) (tstamp 5D3971DB)
    (at 137.668 68.326 180)
    (descr "CP, Radial series, Radial, pin pitch=2.50mm, , diameter=6.3mm, Electrolytic Capacitor")
    (tags "CP Radial series Radial pin pitch 2.50mm  diameter 6.3mm Electrolytic Capacitor")
    (path /5E1D589D)
    (fp_text reference C17 (at 1.143 4.445) (layer F.SilkS)
      (effects (font (size 1 1) (thickness 0.15)))
    )
    (fp_text value 10u (at 1.25 4.4) (layer F.Fab)
      (effects (font (size 1 1) (thickness 0.15)))
    )
    (fp_text user %R (at 1.25 0) (layer F.Fab)
      (effects (font (size 1 1) (thickness 0.15)))
    )
    (fp_line (start -1.935241 -2.154) (end -1.935241 -1.524) (layer F.SilkS) (width 0.12))
    (fp_line (start -2.250241 -1.839) (end -1.620241 -1.839) (layer F.SilkS) (width 0.12))
    (fp_line (start 4.491 -0.402) (end 4.491 0.402) (layer F.SilkS) (width 0.12))
    (fp_line (start 4.451 -0.633) (end 4.451 0.633) (layer F.SilkS) (width 0.12))
    (fp_line (start 4.411 -0.802) (end 4.411 0.802) (layer F.SilkS) (width 0.12))
    (fp_line (start 4.371 -0.94) (end 4.371 0.94) (layer F.SilkS) (width 0.12))
    (fp_line (start 4.331 -1.059) (end 4.331 1.059) (layer F.SilkS) (width 0.12))
    (fp_line (start 4.291 -1.165) (end 4.291 1.165) (layer F.SilkS) (width 0.12))
    (fp_line (start 4.251 -1.262) (end 4.251 1.262) (layer F.SilkS) (width 0.12))
    (fp_line (start 4.211 -1.35) (end 4.211 1.35) (layer F.SilkS) (width 0.12))
    (fp_line (start 4.171 -1.432) (end 4.171 1.432) (layer F.SilkS) (width 0.12))
    (fp_line (start 4.131 -1.509) (end 4.131 1.509) (layer F.SilkS) (width 0.12))
    (fp_line (start 4.091 -1.581) (end 4.091 1.581) (layer F.SilkS) (width 0.12))
    (fp_line (start 4.051 -1.65) (end 4.051 1.65) (layer F.SilkS) (width 0.12))
    (fp_line (start 4.011 -1.714) (end 4.011 1.714) (layer F.SilkS) (width 0.12))
    (fp_line (start 3.971 -1.776) (end 3.971 1.776) (layer F.SilkS) (width 0.12))
    (fp_line (start 3.931 -1.834) (end 3.931 1.834) (layer F.SilkS) (width 0.12))
    (fp_line (start 3.891 -1.89) (end 3.891 1.89) (layer F.SilkS) (width 0.12))
    (fp_line (start 3.851 -1.944) (end 3.851 1.944) (layer F.SilkS) (width 0.12))
    (fp_line (start 3.811 -1.995) (end 3.811 1.995) (layer F.SilkS) (width 0.12))
    (fp_line (start 3.771 -2.044) (end 3.771 2.044) (layer F.SilkS) (width 0.12))
    (fp_line (start 3.731 -2.092) (end 3.731 2.092) (layer F.SilkS) (width 0.12))
    (fp_line (start 3.691 -2.137) (end 3.691 2.137) (layer F.SilkS) (width 0.12))
    (fp_line (start 3.651 -2.182) (end 3.651 2.182) (layer F.SilkS) (width 0.12))
    (fp_line (start 3.611 -2.224) (end 3.611 2.224) (layer F.SilkS) (width 0.12))
    (fp_line (start 3.571 -2.265) (end 3.571 2.265) (layer F.SilkS) (width 0.12))
    (fp_line (start 3.531 1.04) (end 3.531 2.305) (layer F.SilkS) (width 0.12))
    (fp_line (start 3.531 -2.305) (end 3.531 -1.04) (layer F.SilkS) (width 0.12))
    (fp_line (start 3.491 1.04) (end 3.491 2.343) (layer F.SilkS) (width 0.12))
    (fp_line (start 3.491 -2.343) (end 3.491 -1.04) (layer F.SilkS) (width 0.12))
    (fp_line (start 3.451 1.04) (end 3.451 2.38) (layer F.SilkS) (width 0.12))
    (fp_line (start 3.451 -2.38) (end 3.451 -1.04) (layer F.SilkS) (width 0.12))
    (fp_line (start 3.411 1.04) (end 3.411 2.416) (layer F.SilkS) (width 0.12))
    (fp_line (start 3.411 -2.416) (end 3.411 -1.04) (layer F.SilkS) (width 0.12))
    (fp_line (start 3.371 1.04) (end 3.371 2.45) (layer F.SilkS) (width 0.12))
    (fp_line (start 3.371 -2.45) (end 3.371 -1.04) (layer F.SilkS) (width 0.12))
    (fp_line (start 3.331 1.04) (end 3.331 2.484) (layer F.SilkS) (width 0.12))
    (fp_line (start 3.331 -2.484) (end 3.331 -1.04) (layer F.SilkS) (width 0.12))
    (fp_line (start 3.291 1.04) (end 3.291 2.516) (layer F.SilkS) (width 0.12))
    (fp_line (start 3.291 -2.516) (end 3.291 -1.04) (layer F.SilkS) (width 0.12))
    (fp_line (start 3.251 1.04) (end 3.251 2.548) (layer F.SilkS) (width 0.12))
    (fp_line (start 3.251 -2.548) (end 3.251 -1.04) (layer F.SilkS) (width 0.12))
    (fp_line (start 3.211 1.04) (end 3.211 2.578) (layer F.SilkS) (width 0.12))
    (fp_line (start 3.211 -2.578) (end 3.211 -1.04) (layer F.SilkS) (width 0.12))
    (fp_line (start 3.171 1.04) (end 3.171 2.607) (layer F.SilkS) (width 0.12))
    (fp_line (start 3.171 -2.607) (end 3.171 -1.04) (layer F.SilkS) (width 0.12))
    (fp_line (start 3.131 1.04) (end 3.131 2.636) (layer F.SilkS) (width 0.12))
    (fp_line (start 3.131 -2.636) (end 3.131 -1.04) (layer F.SilkS) (width 0.12))
    (fp_line (start 3.091 1.04) (end 3.091 2.664) (layer F.SilkS) (width 0.12))
    (fp_line (start 3.091 -2.664) (end 3.091 -1.04) (layer F.SilkS) (width 0.12))
    (fp_line (start 3.051 1.04) (end 3.051 2.69) (layer F.SilkS) (width 0.12))
    (fp_line (start 3.051 -2.69) (end 3.051 -1.04) (layer F.SilkS) (width 0.12))
    (fp_line (start 3.011 1.04) (end 3.011 2.716) (layer F.SilkS) (width 0.12))
    (fp_line (start 3.011 -2.716) (end 3.011 -1.04) (layer F.SilkS) (width 0.12))
    (fp_line (start 2.971 1.04) (end 2.971 2.742) (layer F.SilkS) (width 0.12))
    (fp_line (start 2.971 -2.742) (end 2.971 -1.04) (layer F.SilkS) (width 0.12))
    (fp_line (start 2.931 1.04) (end 2.931 2.766) (layer F.SilkS) (width 0.12))
    (fp_line (start 2.931 -2.766) (end 2.931 -1.04) (layer F.SilkS) (width 0.12))
    (fp_line (start 2.891 1.04) (end 2.891 2.79) (layer F.SilkS) (width 0.12))
    (fp_line (start 2.891 -2.79) (end 2.891 -1.04) (layer F.SilkS) (width 0.12))
    (fp_line (start 2.851 1.04) (end 2.851 2.812) (layer F.SilkS) (width 0.12))
    (fp_line (start 2.851 -2.812) (end 2.851 -1.04) (layer F.SilkS) (width 0.12))
    (fp_line (start 2.811 1.04) (end 2.811 2.834) (layer F.SilkS) (width 0.12))
    (fp_line (start 2.811 -2.834) (end 2.811 -1.04) (layer F.SilkS) (width 0.12))
    (fp_line (start 2.771 1.04) (end 2.771 2.856) (layer F.SilkS) (width 0.12))
    (fp_line (start 2.771 -2.856) (end 2.771 -1.04) (layer F.SilkS) (width 0.12))
    (fp_line (start 2.731 1.04) (end 2.731 2.876) (layer F.SilkS) (width 0.12))
