(kicad_pcb (version 20171130) (host pcbnew 5.1.2)

  (general
    (thickness 1.6)
    (drawings 70)
    (tracks 866)
    (zones 0)
    (modules 82)
    (nets 64)
  )

  (page A4)
  (title_block
    (title OpenFlops)
    (date 2019-08-21)
    (rev 1git)
    (company SukkoPera)
    (comment 1 "Licensed under CERN OHL v.1.2")
  )

  (layers
    (0 F.Cu signal)
    (31 B.Cu signal)
    (36 B.SilkS user)
    (37 F.SilkS user)
    (38 B.Mask user)
    (39 F.Mask user)
    (44 Edge.Cuts user)
    (45 Margin user hide)
    (46 B.CrtYd user hide)
    (47 F.CrtYd user hide)
    (49 F.Fab user)
  )

  (setup
    (last_trace_width 0.25)
    (user_trace_width 0.2)
    (user_trace_width 0.25)
    (trace_clearance 0.25)
    (zone_clearance 0.254)
    (zone_45_only no)
    (trace_min 0.16)
    (via_size 0.6)
    (via_drill 0.4)
    (via_min_size 0.4)
    (via_min_drill 0.3)
    (user_via 0.6 0.4)
    (user_via 0.8 0.6)
    (uvia_size 0.3)
    (uvia_drill 0.1)
    (uvias_allowed no)
    (uvia_min_size 0.2)
    (uvia_min_drill 0.1)
    (edge_width 0.05)
    (segment_width 0.2)
    (pcb_text_width 0.3)
    (pcb_text_size 1.5 1.5)
    (mod_edge_width 0.12)
    (mod_text_size 1 1)
    (mod_text_width 0.15)
    (pad_size 2.5 2.5)
    (pad_drill 2)
    (pad_to_mask_clearance 0)
    (solder_mask_min_width 0.25)
    (aux_axis_origin 0 0)
    (visible_elements FFFFFF7F)
    (pcbplotparams
      (layerselection 0x010f0_ffffffff)
      (usegerberextensions false)
      (usegerberattributes false)
      (usegerberadvancedattributes false)
      (creategerberjobfile false)
      (excludeedgelayer true)
      (linewidth 0.100000)
      (plotframeref false)
      (viasonmask false)
      (mode 1)
      (useauxorigin false)
      (hpglpennumber 1)
      (hpglpenspeed 20)
      (hpglpendiameter 15.000000)
      (psnegative false)
      (psa4output false)
      (plotreference true)
      (plotvalue true)
      (plotinvisibletext false)
      (padsonsilk false)
      (subtractmaskfromsilk false)
      (outputformat 1)
      (mirror false)
      (drillshape 0)
      (scaleselection 1)
      (outputdirectory "gerbers"))
  )

  (net 0 "")
  (net 1 GND)
  (net 2 "Net-(C3-Pad1)")
  (net 3 /nrst)
  (net 4 "Net-(C5-Pad1)")
  (net 5 +3V3)
  (net 6 +5V)
  (net 7 "Net-(D1-Pad1)")
  (net 8 "Net-(D1-Pad2)")
  (net 9 /disp_clk)
  (net 10 /disp_dio)
  (net 11 /~selx)
  (net 12 /~dskchg)
  (net 13 /~inuse)
  (net 14 /~index)
  (net 15 /~sel0)
  (net 16 /~sel1)
  (net 17 /~mtron)
  (net 18 /dir)
  (net 19 /~step)
  (net 20 /~wdata)
  (net 21 /~wgate)
  (net 22 /~trk0)
  (net 23 /~wprot)
  (net 24 /~rdata)
  (net 25 /~side)
  (net 26 /~rdy)
  (net 27 /rx)
  (net 28 /tx)
  (net 29 /boot0)
  (net 30 /ja)
  (net 31 /jb)
  (net 32 /jc)
  (net 33 "Net-(Q1-Pad1)")
  (net 34 "Net-(Q2-Pad1)")
  (net 35 "Net-(Q3-Pad1)")
  (net 36 "Net-(Q4-Pad1)")
  (net 37 "Net-(Q6-Pad1)")
  (net 38 /usb+)
  (net 39 /usb-)
  (net 40 "Net-(RN1-Pad2)")
  (net 41 "Net-(RN2-Pad2)")
  (net 42 "Net-(RN3-Pad2)")
  (net 43 "Net-(RN4-Pad2)")
  (net 44 "Net-(RN6-Pad2)")
  (net 45 /~index_3v3)
  (net 46 /~trk0_3v3)
  (net 47 /~wprot_3v3)
  (net 48 /~rdy_3v3)
  (net 49 /~rdata_3v3)
  (net 50 /~dskchg_3v3)
  (net 51 "Net-(S3-Pad2)")
  (net 52 "Net-(S4-Pad2)")
  (net 53 "Net-(LD1-Pad2)")
  (net 54 /~sely)
  (net 55 "Net-(LD2-Pad2)")
  (net 56 /enc_dt)
  (net 57 /enc_clk)
  (net 58 "Net-(Q7-Pad1)")
  (net 59 /~sel2)
  (net 60 /spk-)
  (net 61 /spk+)
  (net 62 /usb+r)
  (net 63 /usb-r)

  (net_class Default "This is the default net class."
    (clearance 0.25)
    (trace_width 0.25)
    (via_dia 0.6)
    (via_drill 0.4)
    (uvia_dia 0.3)
    (uvia_drill 0.1)
    (add_net /boot0)
    (add_net /dir)
    (add_net /disp_clk)
    (add_net /disp_dio)
    (add_net /enc_clk)
    (add_net /enc_dt)
    (add_net /ja)
    (add_net /jb)
    (add_net /jc)
    (add_net /nrst)
    (add_net /rx)
    (add_net /spk+)
    (add_net /spk-)
    (add_net /tx)
    (add_net /usb+)
    (add_net /usb+r)
    (add_net /usb-)
    (add_net /usb-r)
    (add_net /~dskchg)
    (add_net /~dskchg_3v3)
    (add_net /~index)
    (add_net /~index_3v3)
    (add_net /~inuse)
    (add_net /~mtron)
    (add_net /~rdata)
    (add_net /~rdata_3v3)
    (add_net /~rdy)
    (add_net /~rdy_3v3)
    (add_net /~sel0)
    (add_net /~sel1)
    (add_net /~sel2)
    (add_net /~selx)
    (add_net /~sely)
    (add_net /~side)
    (add_net /~step)
    (add_net /~trk0)
    (add_net /~trk0_3v3)
    (add_net /~wdata)
    (add_net /~wgate)
    (add_net /~wprot)
    (add_net /~wprot_3v3)
    (add_net "Net-(C3-Pad1)")
    (add_net "Net-(C5-Pad1)")
    (add_net "Net-(D1-Pad1)")
    (add_net "Net-(D1-Pad2)")
    (add_net "Net-(LD1-Pad2)")
    (add_net "Net-(LD2-Pad2)")
    (add_net "Net-(Q1-Pad1)")
    (add_net "Net-(Q2-Pad1)")
    (add_net "Net-(Q3-Pad1)")
    (add_net "Net-(Q4-Pad1)")
    (add_net "Net-(Q6-Pad1)")
    (add_net "Net-(Q7-Pad1)")
    (add_net "Net-(RN1-Pad2)")
    (add_net "Net-(RN2-Pad2)")
    (add_net "Net-(RN3-Pad2)")
    (add_net "Net-(RN4-Pad2)")
    (add_net "Net-(RN6-Pad2)")
    (add_net "Net-(S3-Pad2)")
    (add_net "Net-(S4-Pad2)")
  )

  (net_class Power ""
    (clearance 0.25)
    (trace_width 0.75)
    (via_dia 0.8)
    (via_drill 0.6)
    (uvia_dia 0.3)
    (uvia_drill 0.1)
    (add_net +3V3)
    (add_net +5V)
    (add_net GND)
  )

  (net_class uC ""
    (clearance 0.15)
    (trace_width 0.2)
    (via_dia 0.6)
    (via_drill 0.4)
    (uvia_dia 0.3)
    (uvia_drill 0.1)
  )

  (module OpenFlops:PinHeader_1x05_P2.54mm_Vertical (layer F.Cu) (tedit 5D59D1E4) (tstamp 5D543496)
    (at 162.56 60.325 90)
    (descr "Through hole straight pin header, 1x05, 2.54mm pitch, single row")
    (tags "Through hole pin header THT 1x05 2.54mm single row")
    (path /5DAA60C4)
    (fp_text reference P6 (at 0.0675 12.954 180) (layer F.SilkS)
      (effects (font (size 1 1) (thickness 0.15)))
    )
    (fp_text value ENCODER_PORT (at 0 12.49 90) (layer F.Fab)
      (effects (font (size 1 1) (thickness 0.15)))
    )
    (fp_text user %R (at 0 5.08 180) (layer F.Fab)
      (effects (font (size 1 1) (thickness 0.15)))
    )
    (fp_line (start 1.8 -1.8) (end -1.8 -1.8) (layer F.CrtYd) (width 0.05))
    (fp_line (start 1.8 11.95) (end 1.8 -1.8) (layer F.CrtYd) (width 0.05))
    (fp_line (start -1.8 11.95) (end 1.8 11.95) (layer F.CrtYd) (width 0.05))
    (fp_line (start -1.8 -1.8) (end -1.8 11.95) (layer F.CrtYd) (width 0.05))
    (fp_line (start -1.33 -1.33) (end 1.33 -1.33) (layer F.SilkS) (width 0.12))
    (fp_line (start 1.33 -1.33) (end 1.33 11.49) (layer F.SilkS) (width 0.12))
    (fp_line (start -1.33 -1.33) (end -1.33 11.49) (layer F.SilkS) (width 0.12))
    (fp_line (start -1.33 11.49) (end 1.33 11.49) (layer F.SilkS) (width 0.12))
    (fp_line (start -1.27 -0.635) (end -0.635 -1.27) (layer F.Fab) (width 0.1))
    (fp_line (start -1.27 11.43) (end -1.27 -0.635) (layer F.Fab) (width 0.1))
    (fp_line (start 1.27 11.43) (end -1.27 11.43) (layer F.Fab) (width 0.1))
    (fp_line (start 1.27 -1.27) (end 1.27 11.43) (layer F.Fab) (width 0.1))
    (fp_line (start -0.635 -1.27) (end 1.27 -1.27) (layer F.Fab) (width 0.1))
    (pad 5 thru_hole oval (at 0 10.16 90) (size 1.7 1.7) (drill 1) (layers *.Cu *.Mask)
      (net 57 /enc_clk))
    (pad 4 thru_hole oval (at 0 7.62 90) (size 1.7 1.7) (drill 1) (layers *.Cu *.Mask)
      (net 56 /enc_dt))
    (pad 3 thru_hole oval (at 0 5.08 90) (size 1.7 1.7) (drill 1) (layers *.Cu *.Mask)
      (net 30 /ja))
    (pad 2 thru_hole oval (at 0 2.54 90) (size 1.7 1.7) (drill 1) (layers *.Cu *.Mask)
      (net 5 +3V3))
    (pad 1 thru_hole circle (at 0 0 90) (size 1.7 1.7) (drill 1) (layers *.Cu *.Mask)
      (net 1 GND))
    (model ${KISYS3DMOD}/Connector_PinHeader_2.54mm.3dshapes/PinHeader_1x05_P2.54mm_Horizontal.wrl
      (at (xyz 0 0 0))
      (scale (xyz 1 1 1))
      (rotate (xyz 0 0 0))
    )
  )

  (module OpenFlops:PinHeader_1x04_P2.54mm_Vertical (layer F.Cu) (tedit 5D59D1F4) (tstamp 5D5434AC)
    (at 145.923 96.647)
    (descr "Through hole straight pin header, 1x04, 2.54mm pitch, single row")
    (tags "Through hole pin header THT 1x04 2.54mm single row")
    (path /5D67D719)
    (fp_text reference P7 (at 0 -2.33) (layer F.SilkS)
      (effects (font (size 1 1) (thickness 0.15)))
    )
    (fp_text value DISPLAY_PORT (at 0 9.95) (layer F.Fab)
      (effects (font (size 1 1) (thickness 0.15)))
    )
    (fp_text user %R (at 0 3.81 90) (layer F.Fab)
      (effects (font (size 1 1) (thickness 0.15)))
    )
    (fp_line (start 1.8 -1.8) (end -1.8 -1.8) (layer F.CrtYd) (width 0.05))
    (fp_line (start 1.8 9.4) (end 1.8 -1.8) (layer F.CrtYd) (width 0.05))
    (fp_line (start -1.8 9.4) (end 1.8 9.4) (layer F.CrtYd) (width 0.05))
    (fp_line (start -1.8 -1.8) (end -1.8 9.4) (layer F.CrtYd) (width 0.05))
    (fp_line (start -1.33 -1.33) (end 1.33 -1.33) (layer F.SilkS) (width 0.12))
    (fp_line (start 1.33 -1.33) (end 1.33 8.95) (layer F.SilkS) (width 0.12))
    (fp_line (start -1.33 -1.33) (end -1.33 8.95) (layer F.SilkS) (width 0.12))
    (fp_line (start -1.33 8.95) (end 1.33 8.95) (layer F.SilkS) (width 0.12))
    (fp_line (start -1.27 -0.635) (end -0.635 -1.27) (layer F.Fab) (width 0.1))
    (fp_line (start -1.27 8.89) (end -1.27 -0.635) (layer F.Fab) (width 0.1))
    (fp_line (start 1.27 8.89) (end -1.27 8.89) (layer F.Fab) (width 0.1))
    (fp_line (start 1.27 -1.27) (end 1.27 8.89) (layer F.Fab) (width 0.1))
    (fp_line (start -0.635 -1.27) (end 1.27 -1.27) (layer F.Fab) (width 0.1))
    (pad 4 thru_hole oval (at 0 7.62) (size 1.7 1.7) (drill 1) (layers *.Cu *.Mask)
      (net 10 /disp_dio))
    (pad 3 thru_hole oval (at 0 5.08) (size 1.7 1.7) (drill 1) (layers *.Cu *.Mask)
      (net 9 /disp_clk))
    (pad 2 thru_hole oval (at 0 2.54) (size 1.7 1.7) (drill 1) (layers *.Cu *.Mask)
      (net 5 +3V3))
    (pad 1 thru_hole circle (at 0 0) (size 1.7 1.7) (drill 1) (layers *.Cu *.Mask)
      (net 1 GND))
    (model ${KISYS3DMOD}/Connector_PinHeader_2.54mm.3dshapes/PinHeader_1x04_P2.54mm_Horizontal.wrl
      (at (xyz 0 0 0))
      (scale (xyz 1 1 1))
      (rotate (xyz 0 0 0))
    )
  )

  (module OpenFlops:PinHeader_1x04_P2.54mm_Vertical (layer F.Cu) (tedit 5D59D1F4) (tstamp 5D5A0EBE)
    (at 201.041 88.683 180)
    (descr "Through hole straight pin header, 1x04, 2.54mm pitch, single row")
    (tags "Through hole pin header THT 1x04 2.54mm single row")
    (path /5D653966)
    (fp_text reference P8 (at 0 -2.249) (layer F.SilkS)
      (effects (font (size 1 1) (thickness 0.15)))
    )
    (fp_text value USB_HEADER (at 0 9.95) (layer F.Fab)
      (effects (font (size 1 1) (thickness 0.15)))
    )
    (fp_text user %R (at 0 3.81 90) (layer F.Fab)
      (effects (font (size 1 1) (thickness 0.15)))
    )
    (fp_line (start 1.8 -1.8) (end -1.8 -1.8) (layer F.CrtYd) (width 0.05))
    (fp_line (start 1.8 9.4) (end 1.8 -1.8) (layer F.CrtYd) (width 0.05))
    (fp_line (start -1.8 9.4) (end 1.8 9.4) (layer F.CrtYd) (width 0.05))
    (fp_line (start -1.8 -1.8) (end -1.8 9.4) (layer F.CrtYd) (width 0.05))
    (fp_line (start -1.33 -1.33) (end 1.33 -1.33) (layer F.SilkS) (width 0.12))
    (fp_line (start 1.33 -1.33) (end 1.33 8.95) (layer F.SilkS) (width 0.12))
    (fp_line (start -1.33 -1.33) (end -1.33 8.95) (layer F.SilkS) (width 0.12))
    (fp_line (start -1.33 8.95) (end 1.33 8.95) (layer F.SilkS) (width 0.12))
    (fp_line (start -1.27 -0.635) (end -0.635 -1.27) (layer F.Fab) (width 0.1))
    (fp_line (start -1.27 8.89) (end -1.27 -0.635) (layer F.Fab) (width 0.1))
    (fp_line (start 1.27 8.89) (end -1.27 8.89) (layer F.Fab) (width 0.1))
    (fp_line (start 1.27 -1.27) (end 1.27 8.89) (layer F.Fab) (width 0.1))
    (fp_line (start -0.635 -1.27) (end 1.27 -1.27) (layer F.Fab) (width 0.1))
    (pad 4 thru_hole oval (at 0 7.62 180) (size 1.7 1.7) (drill 1) (layers *.Cu *.Mask)
      (net 1 GND))
    (pad 3 thru_hole oval (at 0 5.08 180) (size 1.7 1.7) (drill 1) (layers *.Cu *.Mask)
      (net 62 /usb+r))
    (pad 2 thru_hole oval (at 0 2.54 180) (size 1.7 1.7) (drill 1) (layers *.Cu *.Mask)
      (net 63 /usb-r))
    (pad 1 thru_hole circle (at 0 0 180) (size 1.7 1.7) (drill 1) (layers *.Cu *.Mask)
      (net 6 +5V))
    (model x${KISYS3DMOD}/Connector_PinHeader_2.54mm.3dshapes/PinHeader_1x04_P2.54mm_Horizontal.wrl
      (at (xyz 0 0 0))
      (scale (xyz 1 1 1))
      (rotate (xyz 0 0 0))
    )
  )

  (module OpenFlops:Buzzer (layer F.Cu) (tedit 5D46C491) (tstamp 5D47238D)
    (at 125.476 114.046)
    (descr "Test point with 2 pins, pitch 2.54mm, drill diameter 0.8mm")
    (tags "CONN DEV")
    (path /5D494B63)
    (attr virtual)
    (fp_text reference SPK1 (at 10.033 -0.889) (layer F.SilkS)
      (effects (font (size 1 1) (thickness 0.15)))
    )
    (fp_text value Speaker (at 1.27 2) (layer F.Fab)
      (effects (font (size 1 1) (thickness 0.15)))
    )
    (fp_line (start -1 0.75) (end -1 -4.5) (layer F.SilkS) (width 0.15))
    (fp_line (start 7.5 -4.5) (end 7.5 0.75) (layer F.SilkS) (width 0.15))
    (fp_line (start -1 -4.5) (end 7.5 -4.5) (layer F.SilkS) (width 0.15))
    (fp_line (start -1.3 -4.75) (end -1.3 1) (layer F.CrtYd) (width 0.05))
    (fp_line (start 7.75 -4.75) (end -1.3 -4.75) (layer F.CrtYd) (width 0.05))
    (fp_line (start 7.75 1) (end 7.75 -4.75) (layer F.CrtYd) (width 0.05))
    (fp_line (start -1.3 1) (end 7.75 1) (layer F.CrtYd) (width 0.05))
    (fp_text user %R (at 3 -7.5) (layer F.Fab)
      (effects (font (size 1 1) (thickness 0.15)))
    )
    (pad 2 smd rect (at 6.5 -1.75) (size 1.4 5) (layers F.Cu F.Paste F.Mask)
      (net 60 /spk-))
    (pad 1 smd rect (at 0 -1.75) (size 1.4 5) (layers F.Cu F.Paste F.Mask)
      (net 61 /spk+))
    (pad 2 thru_hole circle (at 6.5 0) (size 1.4 1.4) (drill 0.6) (layers *.Cu *.Mask)
      (net 60 /spk-))
    (pad 1 thru_hole circle (at 0 0) (size 1.4 1.4) (drill 0.6) (layers *.Cu *.Mask)
      (net 61 /spk+))
    (model ${KISYS3DMOD}/Buzzer_Beeper.3dshapes/Buzzer_12x9.5RM7.6.step
      (offset (xyz 0 -1 0.5))
      (scale (xyz 0.85 0.85 1))
      (rotate (xyz -90 0 0))
    )
  )

  (module OpenFlops:MountingHole_M3_Pad locked (layer F.Cu) (tedit 5D3C3744) (tstamp 5D3CCAD3)
    (at 139.573 60.6425)
    (descr "Mounting Hole 3.2mm, M3")
    (tags "mounting hole 3.2mm m3")
    (path /5D4462D4)
    (zone_connect 2)
    (attr virtual)
    (fp_text reference H2 (at 0 -4.2) (layer F.SilkS) hide
      (effects (font (size 1 1) (thickness 0.15)))
    )
    (fp_text value MountingHole_Pad (at 0 4.2) (layer F.Fab)
      (effects (font (size 1 1) (thickness 0.15)))
    )
    (fp_circle (center 0 0) (end 2.75 0) (layer F.CrtYd) (width 0.05))
    (fp_circle (center 0 0) (end 2.5 0) (layer Cmts.User) (width 0.15))
    (fp_text user %R (at 0.3 0) (layer F.Fab)
      (effects (font (size 1 1) (thickness 0.15)))
    )
    (pad 1 thru_hole circle (at 0 0) (size 5 5) (drill 3.2) (layers *.Cu *.Mask)
      (net 1 GND) (zone_connect 2))
  )

  (module OpenFlops:MountingHole_M3_Pad locked (layer F.Cu) (tedit 5D3C3744) (tstamp 5D3CCACC)
    (at 118.491 60.6425)
    (descr "Mounting Hole 3.2mm, M3")
    (tags "mounting hole 3.2mm m3")
    (path /5D3EC7E2)
    (zone_connect 2)
    (attr virtual)
    (fp_text reference H1 (at 0 -4.2) (layer F.SilkS) hide
      (effects (font (size 1 1) (thickness 0.15)))
    )
    (fp_text value MountingHole_Pad (at 0 4.2) (layer F.Fab)
      (effects (font (size 1 1) (thickness 0.15)))
    )
    (fp_circle (center 0 0) (end 2.75 0) (layer F.CrtYd) (width 0.05))
    (fp_circle (center 0 0) (end 2.5 0) (layer Cmts.User) (width 0.15))
    (fp_text user %R (at 0.3 0) (layer F.Fab)
      (effects (font (size 1 1) (thickness 0.15)))
    )
    (pad 1 thru_hole circle (at 0 0) (size 5 5) (drill 3.2) (layers *.Cu *.Mask)
      (net 1 GND) (zone_connect 2))
  )

  (module OpenFlops:MountingHole_M3_Pad locked (layer F.Cu) (tedit 5D3C3744) (tstamp 5D3CCADA)
    (at 118.491 110.363)
    (descr "Mounting Hole 3.2mm, M3")
    (tags "mounting hole 3.2mm m3")
    (path /5D446F95)
    (zone_connect 2)
    (attr virtual)
    (fp_text reference H3 (at 0 -4.2) (layer F.SilkS) hide
      (effects (font (size 1 1) (thickness 0.15)))
    )
    (fp_text value MountingHole_Pad (at 0 4.2) (layer F.Fab)
      (effects (font (size 1 1) (thickness 0.15)))
    )
    (fp_circle (center 0 0) (end 2.75 0) (layer F.CrtYd) (width 0.05))
    (fp_circle (center 0 0) (end 2.5 0) (layer Cmts.User) (width 0.15))
    (fp_text user %R (at 0.3 0) (layer F.Fab)
      (effects (font (size 1 1) (thickness 0.15)))
    )
    (pad 1 thru_hole circle (at 0 0) (size 5 5) (drill 3.2) (layers *.Cu *.Mask)
      (net 1 GND) (zone_connect 2))
  )

  (module OpenFlops:MountingHole_M3_Pad locked (layer F.Cu) (tedit 5D3C3744) (tstamp 5D3CCAE1)
    (at 139.573 110.363)
    (descr "Mounting Hole 3.2mm, M3")
    (tags "mounting hole 3.2mm m3")
    (path /5D4BD113)
    (zone_connect 2)
    (attr virtual)
    (fp_text reference H4 (at 0 -4.2) (layer F.SilkS) hide
      (effects (font (size 1 1) (thickness 0.15)))
    )
    (fp_text value MountingHole_Pad (at 0 4.2) (layer F.Fab)
      (effects (font (size 1 1) (thickness 0.15)))
    )
    (fp_circle (center 0 0) (end 2.75 0) (layer F.CrtYd) (width 0.05))
    (fp_circle (center 0 0) (end 2.5 0) (layer Cmts.User) (width 0.15))
    (fp_text user %R (at 0.3 0) (layer F.Fab)
      (effects (font (size 1 1) (thickness 0.15)))
    )
    (pad 1 thru_hole circle (at 0 0) (size 5 5) (drill 3.2) (layers *.Cu *.Mask)
      (net 1 GND) (zone_connect 2))
  )

  (module OpenFlops:MountingHole_M3_Pad locked (layer F.Cu) (tedit 5D3C3744) (tstamp 5D3CCAE8)
    (at 189.357 60.6425)
    (descr "Mounting Hole 3.2mm, M3")
    (tags "mounting hole 3.2mm m3")
    (path /5D4BD11D)
    (zone_connect 2)
    (attr virtual)
    (fp_text reference H5 (at 0 -4.2) (layer F.SilkS) hide
      (effects (font (size 1 1) (thickness 0.15)))
    )
    (fp_text value MountingHole_Pad (at 0 4.2) (layer F.Fab)
      (effects (font (size 1 1) (thickness 0.15)))
    )
    (fp_circle (center 0 0) (end 2.75 0) (layer F.CrtYd) (width 0.05))
    (fp_circle (center 0 0) (end 2.5 0) (layer Cmts.User) (width 0.15))
    (fp_text user %R (at 0.3 0) (layer F.Fab)
      (effects (font (size 1 1) (thickness 0.15)))
    )
    (pad 1 thru_hole circle (at 0 0) (size 5 5) (drill 3.2) (layers *.Cu *.Mask)
      (net 1 GND) (zone_connect 2))
  )

  (module OpenFlops:USB_A_FEMALE (layer F.Cu) (tedit 5D3B8CE0) (tstamp 5D3B3731)
    (at 201.1375 85.183 90)
    (path /5D756071)
    (fp_text reference P3 (at -7.781 -6.5735) (layer F.SilkS)
      (effects (font (size 1 1) (thickness 0.15)))
    )
    (fp_text value USB_A_FEMALE (at -0.034 4.0945 90) (layer F.SilkS)
      (effects (font (size 1 1) (thickness 0.15)))
    )
    (fp_line (start -6.8 -5.1) (end -6.8 -7.85) (layer Eco1.User) (width 0.05))
    (fp_line (start -7.8 -5.1) (end -6.8 -5.1) (layer Eco1.User) (width 0.05))
    (fp_line (start -7.8 -2.55) (end -7.8 -5.1) (layer Eco1.User) (width 0.05))
    (fp_line (start -6.8 -2.55) (end -7.8 -2.55) (layer Eco1.User) (width 0.05))
    (fp_line (start -6.8 6.75) (end -6.8 -2.55) (layer Eco1.User) (width 0.05))
    (fp_line (start 6.8 6.75) (end -6.8 6.75) (layer Eco1.User) (width 0.05))
    (fp_line (start 6.8 -2.55) (end 6.8 6.75) (layer Eco1.User) (width 0.05))
    (fp_line (start 7.8 -2.55) (end 6.8 -2.55) (layer Eco1.User) (width 0.05))
    (fp_line (start 7.8 -5.1) (end 7.8 -2.55) (layer Eco1.User) (width 0.05))
    (fp_line (start 6.8 -5.1) (end 7.8 -5.1) (layer Eco1.User) (width 0.05))
    (fp_line (start 6.8 -7.85) (end 6.8 -5.1) (layer Eco1.User) (width 0.05))
    (fp_line (start -6.8 -7.85) (end 6.8 -7.85) (layer Eco1.User) (width 0.05))
    (fp_line (start 6.55 -7.6) (end 6.55 -5.3) (layer F.SilkS) (width 0.2))
    (fp_line (start -6.55 -7.6) (end 6.55 -7.6) (layer F.SilkS) (width 0.2))
    (fp_line (start -6.55 -5.3) (end -6.55 -7.6) (layer F.SilkS) (width 0.2))
    (fp_line (start 6.55 6.5) (end 6.55 -2.3) (layer F.SilkS) (width 0.2))
    (fp_line (start -6.55 6.5) (end 6.55 6.5) (layer F.SilkS) (width 0.2))
    (fp_line (start -6.55 -2.3) (end -6.55 6.5) (layer F.SilkS) (width 0.2))
    (pad 5 thru_hole circle (at 6.57 -3.8 90) (size 3 3) (drill 2.3) (layers *.Cu *.Mask)
      (net 1 GND))
    (pad 5 thru_hole circle (at -6.57 -3.8 90) (size 3 3) (drill 2.3) (layers *.Cu *.Mask)
      (net 1 GND))
    (pad 4 thru_hole circle (at 3.5 -6.51 90) (size 1.428 1.428) (drill 0.92) (layers *.Cu *.Mask)
      (net 1 GND))
    (pad 3 thru_hole circle (at 1 -6.51 90) (size 1.428 1.428) (drill 0.92) (layers *.Cu *.Mask)
      (net 62 /usb+r))
    (pad 2 thru_hole circle (at -1 -6.51 90) (size 1.428 1.428) (drill 0.92) (layers *.Cu *.Mask)
      (net 63 /usb-r))
    (pad 1 thru_hole circle (at -3.5 -6.51 90) (size 1.428 1.428) (drill 0.92) (layers *.Cu *.Mask)
      (net 6 +5V))
    (model ${KIPRJMOD}/OpenFlops.pretty/USB_A_FEMALE.step
      (offset (xyz 0 -6.5 4.1))
      (scale (xyz 1 1 1))
      (rotate (xyz -90 0 0))
    )
  )

  (module OpenFlops:PUSH_BUTTON_RIGHT_ANGLE (layer F.Cu) (tedit 5D46DDAA) (tstamp 5D3B8AC8)
    (at 202.271 60.254 90)
    (path /5D5C2554)
    (fp_text reference S3 (at 0.042527 -2.373 180) (layer F.SilkS)
      (effects (font (size 1 1) (thickness 0.15)))
    )
    (fp_text value BT_RIGHT (at -0.425465 7.37317 90) (layer F.SilkS) hide
      (effects (font (size 1.00111 1.00111) (thickness 0.05)))
    )
    (fp_line (start -4.73 6.6) (end -4.73 -4.25) (layer Eco1.User) (width 0.05))
    (fp_line (start 4.73 6.6) (end -4.73 6.6) (layer Eco1.User) (width 0.05))
    (fp_line (start 4.73 -4.25) (end 4.73 6.6) (layer Eco1.User) (width 0.05))
    (fp_line (start -4.73 -4.25) (end 4.73 -4.25) (layer Eco1.User) (width 0.05))
    (fp_line (start 3.6 -4) (end 3.6 -3.8) (layer F.SilkS) (width 0.127))
    (fp_line (start -3.6 -4) (end -3.6 -3.8) (layer F.SilkS) (width 0.127))
    (fp_line (start 3.6 2.5) (end 3.6 -1.2) (layer F.SilkS) (width 0.127))
    (fp_line (start -3.6 2.5) (end -3.6 -1.2) (layer F.SilkS) (width 0.127))
    (fp_line (start 3.6 2.5) (end -3.6 2.5) (layer F.SilkS) (width 0.127))
    (fp_line (start -3.6 -4) (end 3.6 -4) (layer F.SilkS) (width 0.127))
    (fp_line (start -3.6 6.35) (end -3.6 -4) (layer Eco2.User) (width 0.127))
    (fp_line (start 3.6 6.35) (end -3.6 6.35) (layer Eco2.User) (width 0.127))
    (fp_line (start 3.6 -4) (end 3.6 6.35) (layer Eco2.User) (width 0.127))
    (fp_line (start -3.6 -4) (end 3.6 -4) (layer Eco2.User) (width 0.127))
    (pad "" thru_hole circle (at 3.5 -2.5 90) (size 1.95 1.95) (drill 1.3) (layers *.Cu *.Mask))
    (pad "" thru_hole circle (at -3.5 -2.5 90) (size 2.5 2.5) (drill 2) (layers *.Cu *.Mask))
    (pad 2 thru_hole circle (at 2.275 0 90) (size 1.508 1.508) (drill 1) (layers *.Cu *.Mask)
      (net 51 "Net-(S3-Pad2)"))
    (pad 1 thru_hole circle (at -2.275 0 90) (size 1.508 1.508) (drill 1) (layers *.Cu *.Mask)
      (net 1 GND))
  )

  (module OpenFlops:PUSH_BUTTON_RIGHT_ANGLE (layer F.Cu) (tedit 5D3B8C72) (tstamp 5D3B8ADF)
    (at 202.271 67.254 90)
    (path /5D5C315F)
    (fp_text reference S4 (at 0.042527 -2.373 180) (layer F.SilkS)
      (effects (font (size 1 1) (thickness 0.15)))
    )
    (fp_text value BT_LEFT (at -0.425465 7.37317 90) (layer F.SilkS) hide
      (effects (font (size 1.00111 1.00111) (thickness 0.05)))
    )
    (fp_line (start -4.73 6.6) (end -4.73 -4.25) (layer Eco1.User) (width 0.05))
    (fp_line (start 4.73 6.6) (end -4.73 6.6) (layer Eco1.User) (width 0.05))
    (fp_line (start 4.73 -4.25) (end 4.73 6.6) (layer Eco1.User) (width 0.05))
    (fp_line (start -4.73 -4.25) (end 4.73 -4.25) (layer Eco1.User) (width 0.05))
    (fp_line (start 3.6 -4) (end 3.6 -3.8) (layer F.SilkS) (width 0.127))
    (fp_line (start -3.6 -4) (end -3.6 -3.8) (layer F.SilkS) (width 0.127))
    (fp_line (start 3.6 2.5) (end 3.6 -1.2) (layer F.SilkS) (width 0.127))
    (fp_line (start -3.6 2.5) (end -3.6 -1.2) (layer F.SilkS) (width 0.127))
    (fp_line (start 3.6 2.5) (end -3.6 2.5) (layer F.SilkS) (width 0.127))
    (fp_line (start -3.6 -4) (end 3.6 -4) (layer F.SilkS) (width 0.127))
    (fp_line (start -3.6 6.35) (end -3.6 -4) (layer Eco2.User) (width 0.127))
    (fp_line (start 3.6 6.35) (end -3.6 6.35) (layer Eco2.User) (width 0.127))
    (fp_line (start 3.6 -4) (end 3.6 6.35) (layer Eco2.User) (width 0.127))
    (fp_line (start -3.6 -4) (end 3.6 -4) (layer Eco2.User) (width 0.127))
    (pad "" thru_hole circle (at 3.5 -2.5 90) (size 1.95 1.95) (drill 1.3) (layers *.Cu *.Mask))
    (pad "" thru_hole circle (at -3.5 -2.5 90) (size 1.95 1.95) (drill 1.3) (layers *.Cu *.Mask))
    (pad 2 thru_hole circle (at 2.275 0 90) (size 1.508 1.508) (drill 1) (layers *.Cu *.Mask)
      (net 52 "Net-(S4-Pad2)"))
    (pad 1 thru_hole circle (at -2.275 0 90) (size 1.508 1.508) (drill 1) (layers *.Cu *.Mask)
      (net 1 GND))
  )

  (module Capacitor_SMD:C_0805_2012Metric_Pad1.15x1.40mm_HandSolder (layer F.Cu) (tedit 5B36C52B) (tstamp 5D3970D0)
    (at 150.114 68.326 90)
    (descr "Capacitor SMD 0805 (2012 Metric), square (rectangular) end terminal, IPC_7351 nominal with elongated pad for handsoldering. (Body size source: https://docs.google.com/spreadsheets/d/1BsfQQcO9C6DZCsRaXUlFlo91Tg2WpOkGARC1WS5S8t0/edit?usp=sharing), generated with kicad-footprint-generator")
    (tags "capacitor handsolder")
    (path /5D3A5E9D)
    (attr smd)
    (fp_text reference C3 (at 3.048 0 180) (layer F.SilkS)
      (effects (font (size 1 1) (thickness 0.15)))
    )
    (fp_text value 22p (at 0 1.65 90) (layer F.Fab)
      (effects (font (size 1 1) (thickness 0.15)))
    )
    (fp_text user %R (at 0 0 90) (layer F.Fab)
      (effects (font (size 0.5 0.5) (thickness 0.08)))
    )
    (fp_line (start 1.85 0.95) (end -1.85 0.95) (layer F.CrtYd) (width 0.05))
    (fp_line (start 1.85 -0.95) (end 1.85 0.95) (layer F.CrtYd) (width 0.05))
    (fp_line (start -1.85 -0.95) (end 1.85 -0.95) (layer F.CrtYd) (width 0.05))
    (fp_line (start -1.85 0.95) (end -1.85 -0.95) (layer F.CrtYd) (width 0.05))
    (fp_line (start -0.261252 0.71) (end 0.261252 0.71) (layer F.SilkS) (width 0.12))
    (fp_line (start -0.261252 -0.71) (end 0.261252 -0.71) (layer F.SilkS) (width 0.12))
    (fp_line (start 1 0.6) (end -1 0.6) (layer F.Fab) (width 0.1))
    (fp_line (start 1 -0.6) (end 1 0.6) (layer F.Fab) (width 0.1))
    (fp_line (start -1 -0.6) (end 1 -0.6) (layer F.Fab) (width 0.1))
    (fp_line (start -1 0.6) (end -1 -0.6) (layer F.Fab) (width 0.1))
    (pad 2 smd roundrect (at 1.025 0 90) (size 1.15 1.4) (layers F.Cu F.Paste F.Mask) (roundrect_rratio 0.217391)
      (net 1 GND))
    (pad 1 smd roundrect (at -1.025 0 90) (size 1.15 1.4) (layers F.Cu F.Paste F.Mask) (roundrect_rratio 0.217391)
      (net 2 "Net-(C3-Pad1)"))
    (model ${KISYS3DMOD}/Capacitor_SMD.3dshapes/C_0805_2012Metric.wrl
      (at (xyz 0 0 0))
      (scale (xyz 1 1 1))
      (rotate (xyz 0 0 0))
    )
  )

  (module Capacitor_SMD:C_0805_2012Metric_Pad1.15x1.40mm_HandSolder (layer F.Cu) (tedit 5B36C52B) (tstamp 5D3970E1)
    (at 147.066 73.152 270)
    (descr "Capacitor SMD 0805 (2012 Metric), square (rectangular) end terminal, IPC_7351 nominal with elongated pad for handsoldering. (Body size source: https://docs.google.com/spreadsheets/d/1BsfQQcO9C6DZCsRaXUlFlo91Tg2WpOkGARC1WS5S8t0/edit?usp=sharing), generated with kicad-footprint-generator")
    (tags "capacitor handsolder")
    (path /5D565E6D)
    (attr smd)
    (fp_text reference C4 (at 2.794 0 180) (layer F.SilkS)
      (effects (font (size 1 1) (thickness 0.15)))
    )
    (fp_text value 100n (at 0 1.65 90) (layer F.Fab)
      (effects (font (size 1 1) (thickness 0.15)))
    )
    (fp_line (start -1 0.6) (end -1 -0.6) (layer F.Fab) (width 0.1))
    (fp_line (start -1 -0.6) (end 1 -0.6) (layer F.Fab) (width 0.1))
    (fp_line (start 1 -0.6) (end 1 0.6) (layer F.Fab) (width 0.1))
    (fp_line (start 1 0.6) (end -1 0.6) (layer F.Fab) (width 0.1))
    (fp_line (start -0.261252 -0.71) (end 0.261252 -0.71) (layer F.SilkS) (width 0.12))
    (fp_line (start -0.261252 0.71) (end 0.261252 0.71) (layer F.SilkS) (width 0.12))
    (fp_line (start -1.85 0.95) (end -1.85 -0.95) (layer F.CrtYd) (width 0.05))
    (fp_line (start -1.85 -0.95) (end 1.85 -0.95) (layer F.CrtYd) (width 0.05))
    (fp_line (start 1.85 -0.95) (end 1.85 0.95) (layer F.CrtYd) (width 0.05))
    (fp_line (start 1.85 0.95) (end -1.85 0.95) (layer F.CrtYd) (width 0.05))
    (fp_text user %R (at 0 0 90) (layer F.Fab)
      (effects (font (size 0.5 0.5) (thickness 0.08)))
    )
    (pad 1 smd roundrect (at -1.025 0 270) (size 1.15 1.4) (layers F.Cu F.Paste F.Mask) (roundrect_rratio 0.217391)
      (net 3 /nrst))
    (pad 2 smd roundrect (at 1.025 0 270) (size 1.15 1.4) (layers F.Cu F.Paste F.Mask) (roundrect_rratio 0.217391)
      (net 1 GND))
    (model ${KISYS3DMOD}/Capacitor_SMD.3dshapes/C_0805_2012Metric.wrl
      (at (xyz 0 0 0))
      (scale (xyz 1 1 1))
      (rotate (xyz 0 0 0))
    )
  )

  (module Capacitor_SMD:C_0805_2012Metric_Pad1.15x1.40mm_HandSolder (layer F.Cu) (tedit 5B36C52B) (tstamp 5D3970F2)
    (at 150.114 73.152 270)
    (descr "Capacitor SMD 0805 (2012 Metric), square (rectangular) end terminal, IPC_7351 nominal with elongated pad for handsoldering. (Body size source: https://docs.google.com/spreadsheets/d/1BsfQQcO9C6DZCsRaXUlFlo91Tg2WpOkGARC1WS5S8t0/edit?usp=sharing), generated with kicad-footprint-generator")
    (tags "capacitor handsolder")
    (path /5D3A791F)
    (attr smd)
    (fp_text reference C5 (at 2.794 0 180) (layer F.SilkS)
      (effects (font (size 1 1) (thickness 0.15)))
    )
    (fp_text value 22p (at 0 1.65 90) (layer F.Fab)
      (effects (font (size 1 1) (thickness 0.15)))
    )
    (fp_line (start -1 0.6) (end -1 -0.6) (layer F.Fab) (width 0.1))
    (fp_line (start -1 -0.6) (end 1 -0.6) (layer F.Fab) (width 0.1))
    (fp_line (start 1 -0.6) (end 1 0.6) (layer F.Fab) (width 0.1))
    (fp_line (start 1 0.6) (end -1 0.6) (layer F.Fab) (width 0.1))
    (fp_line (start -0.261252 -0.71) (end 0.261252 -0.71) (layer F.SilkS) (width 0.12))
    (fp_line (start -0.261252 0.71) (end 0.261252 0.71) (layer F.SilkS) (width 0.12))
    (fp_line (start -1.85 0.95) (end -1.85 -0.95) (layer F.CrtYd) (width 0.05))
    (fp_line (start -1.85 -0.95) (end 1.85 -0.95) (layer F.CrtYd) (width 0.05))
    (fp_line (start 1.85 -0.95) (end 1.85 0.95) (layer F.CrtYd) (width 0.05))
    (fp_line (start 1.85 0.95) (end -1.85 0.95) (layer F.CrtYd) (width 0.05))
    (fp_text user %R (at 0 0 90) (layer F.Fab)
      (effects (font (size 0.5 0.5) (thickness 0.08)))
    )
    (pad 1 smd roundrect (at -1.025 0 270) (size 1.15 1.4) (layers F.Cu F.Paste F.Mask) (roundrect_rratio 0.217391)
      (net 4 "Net-(C5-Pad1)"))
    (pad 2 smd roundrect (at 1.025 0 270) (size 1.15 1.4) (layers F.Cu F.Paste F.Mask) (roundrect_rratio 0.217391)
      (net 1 GND))
    (model ${KISYS3DMOD}/Capacitor_SMD.3dshapes/C_0805_2012Metric.wrl
      (at (xyz 0 0 0))
      (scale (xyz 1 1 1))
      (rotate (xyz 0 0 0))
    )
  )

  (module Capacitor_SMD:C_0805_2012Metric_Pad1.15x1.40mm_HandSolder (layer F.Cu) (tedit 5B36C52B) (tstamp 5D397103)
    (at 159.766 68.834 90)
    (descr "Capacitor SMD 0805 (2012 Metric), square (rectangular) end terminal, IPC_7351 nominal with elongated pad for handsoldering. (Body size source: https://docs.google.com/spreadsheets/d/1BsfQQcO9C6DZCsRaXUlFlo91Tg2WpOkGARC1WS5S8t0/edit?usp=sharing), generated with kicad-footprint-generator")
    (tags "capacitor handsolder")
    (path /5E1D7D0A)
    (attr smd)
    (fp_text reference C6 (at -2.667 0 180) (layer F.SilkS)
      (effects (font (size 1 1) (thickness 0.15)))
    )
    (fp_text value 100n (at 0 1.65 90) (layer F.Fab)
      (effects (font (size 1 1) (thickness 0.15)))
    )
    (fp_text user %R (at 0 0 90) (layer F.Fab)
      (effects (font (size 0.5 0.5) (thickness 0.08)))
    )
    (fp_line (start 1.85 0.95) (end -1.85 0.95) (layer F.CrtYd) (width 0.05))
    (fp_line (start 1.85 -0.95) (end 1.85 0.95) (layer F.CrtYd) (width 0.05))
    (fp_line (start -1.85 -0.95) (end 1.85 -0.95) (layer F.CrtYd) (width 0.05))
    (fp_line (start -1.85 0.95) (end -1.85 -0.95) (layer F.CrtYd) (width 0.05))
    (fp_line (start -0.261252 0.71) (end 0.261252 0.71) (layer F.SilkS) (width 0.12))
    (fp_line (start -0.261252 -0.71) (end 0.261252 -0.71) (layer F.SilkS) (width 0.12))
    (fp_line (start 1 0.6) (end -1 0.6) (layer F.Fab) (width 0.1))
    (fp_line (start 1 -0.6) (end 1 0.6) (layer F.Fab) (width 0.1))
    (fp_line (start -1 -0.6) (end 1 -0.6) (layer F.Fab) (width 0.1))
    (fp_line (start -1 0.6) (end -1 -0.6) (layer F.Fab) (width 0.1))
    (pad 2 smd roundrect (at 1.025 0 90) (size 1.15 1.4) (layers F.Cu F.Paste F.Mask) (roundrect_rratio 0.217391)
      (net 1 GND))
    (pad 1 smd roundrect (at -1.025 0 90) (size 1.15 1.4) (layers F.Cu F.Paste F.Mask) (roundrect_rratio 0.217391)
      (net 5 +3V3))
    (model ${KISYS3DMOD}/Capacitor_SMD.3dshapes/C_0805_2012Metric.wrl
      (at (xyz 0 0 0))
      (scale (xyz 1 1 1))
      (rotate (xyz 0 0 0))
    )
  )

  (module Capacitor_SMD:C_0805_2012Metric_Pad1.15x1.40mm_HandSolder (layer F.Cu) (tedit 5B36C52B) (tstamp 5D397114)
    (at 181.102 73.457 90)
    (descr "Capacitor SMD 0805 (2012 Metric), square (rectangular) end terminal, IPC_7351 nominal with elongated pad for handsoldering. (Body size source: https://docs.google.com/spreadsheets/d/1BsfQQcO9C6DZCsRaXUlFlo91Tg2WpOkGARC1WS5S8t0/edit?usp=sharing), generated with kicad-footprint-generator")
    (tags "capacitor handsolder")
    (path /5E1D8B51)
    (attr smd)
    (fp_text reference C7 (at 2.718 0 180) (layer F.SilkS)
      (effects (font (size 1 1) (thickness 0.15)))
    )
    (fp_text value 100n (at 0 1.65 90) (layer F.Fab)
      (effects (font (size 1 1) (thickness 0.15)))
    )
    (fp_line (start -1 0.6) (end -1 -0.6) (layer F.Fab) (width 0.1))
    (fp_line (start -1 -0.6) (end 1 -0.6) (layer F.Fab) (width 0.1))
    (fp_line (start 1 -0.6) (end 1 0.6) (layer F.Fab) (width 0.1))
    (fp_line (start 1 0.6) (end -1 0.6) (layer F.Fab) (width 0.1))
    (fp_line (start -0.261252 -0.71) (end 0.261252 -0.71) (layer F.SilkS) (width 0.12))
    (fp_line (start -0.261252 0.71) (end 0.261252 0.71) (layer F.SilkS) (width 0.12))
    (fp_line (start -1.85 0.95) (end -1.85 -0.95) (layer F.CrtYd) (width 0.05))
    (fp_line (start -1.85 -0.95) (end 1.85 -0.95) (layer F.CrtYd) (width 0.05))
    (fp_line (start 1.85 -0.95) (end 1.85 0.95) (layer F.CrtYd) (width 0.05))
    (fp_line (start 1.85 0.95) (end -1.85 0.95) (layer F.CrtYd) (width 0.05))
    (fp_text user %R (at 0 0 90) (layer F.Fab)
      (effects (font (size 0.5 0.5) (thickness 0.08)))
    )
    (pad 1 smd roundrect (at -1.025 0 90) (size 1.15 1.4) (layers F.Cu F.Paste F.Mask) (roundrect_rratio 0.217391)
      (net 5 +3V3))
    (pad 2 smd roundrect (at 1.025 0 90) (size 1.15 1.4) (layers F.Cu F.Paste F.Mask) (roundrect_rratio 0.217391)
      (net 1 GND))
    (model ${KISYS3DMOD}/Capacitor_SMD.3dshapes/C_0805_2012Metric.wrl
      (at (xyz 0 0 0))
      (scale (xyz 1 1 1))
      (rotate (xyz 0 0 0))
    )
  )

  (module Capacitor_SMD:C_0805_2012Metric_Pad1.15x1.40mm_HandSolder (layer F.Cu) (tedit 5B36C52B) (tstamp 5D397125)
    (at 163.865 87.63 180)
    (descr "Capacitor SMD 0805 (2012 Metric), square (rectangular) end terminal, IPC_7351 nominal with elongated pad for handsoldering. (Body size source: https://docs.google.com/spreadsheets/d/1BsfQQcO9C6DZCsRaXUlFlo91Tg2WpOkGARC1WS5S8t0/edit?usp=sharing), generated with kicad-footprint-generator")
    (tags "capacitor handsolder")
    (path /5E1D9A31)
    (attr smd)
    (fp_text reference C9 (at 3.083 0) (layer F.SilkS)
      (effects (font (size 1 1) (thickness 0.15)))
    )
    (fp_text value 100n (at 0 1.65) (layer F.Fab)
      (effects (font (size 1 1) (thickness 0.15)))
    )
    (fp_line (start -1 0.6) (end -1 -0.6) (layer F.Fab) (width 0.1))
    (fp_line (start -1 -0.6) (end 1 -0.6) (layer F.Fab) (width 0.1))
    (fp_line (start 1 -0.6) (end 1 0.6) (layer F.Fab) (width 0.1))
    (fp_line (start 1 0.6) (end -1 0.6) (layer F.Fab) (width 0.1))
    (fp_line (start -0.261252 -0.71) (end 0.261252 -0.71) (layer F.SilkS) (width 0.12))
    (fp_line (start -0.261252 0.71) (end 0.261252 0.71) (layer F.SilkS) (width 0.12))
    (fp_line (start -1.85 0.95) (end -1.85 -0.95) (layer F.CrtYd) (width 0.05))
    (fp_line (start -1.85 -0.95) (end 1.85 -0.95) (layer F.CrtYd) (width 0.05))
    (fp_line (start 1.85 -0.95) (end 1.85 0.95) (layer F.CrtYd) (width 0.05))
    (fp_line (start 1.85 0.95) (end -1.85 0.95) (layer F.CrtYd) (width 0.05))
    (fp_text user %R (at 0 0) (layer F.Fab)
      (effects (font (size 0.5 0.5) (thickness 0.08)))
    )
    (pad 1 smd roundrect (at -1.025 0 180) (size 1.15 1.4) (layers F.Cu F.Paste F.Mask) (roundrect_rratio 0.217391)
      (net 5 +3V3))
    (pad 2 smd roundrect (at 1.025 0 180) (size 1.15 1.4) (layers F.Cu F.Paste F.Mask) (roundrect_rratio 0.217391)
      (net 1 GND))
    (model ${KISYS3DMOD}/Capacitor_SMD.3dshapes/C_0805_2012Metric.wrl
      (at (xyz 0 0 0))
      (scale (xyz 1 1 1))
      (rotate (xyz 0 0 0))
    )
  )

  (module Capacitor_SMD:C_0805_2012Metric_Pad1.15x1.40mm_HandSolder (layer F.Cu) (tedit 5B36C52B) (tstamp 5D397136)
    (at 154.94 80.01 90)
    (descr "Capacitor SMD 0805 (2012 Metric), square (rectangular) end terminal, IPC_7351 nominal with elongated pad for handsoldering. (Body size source: https://docs.google.com/spreadsheets/d/1BsfQQcO9C6DZCsRaXUlFlo91Tg2WpOkGARC1WS5S8t0/edit?usp=sharing), generated with kicad-footprint-generator")
    (tags "capacitor handsolder")
    (path /5D58F4BB)
    (attr smd)
    (fp_text reference C10 (at -2.667 -0.762 180) (layer F.SilkS)
      (effects (font (size 1 1) (thickness 0.15)))
    )
    (fp_text value 100n (at 0 1.65 90) (layer F.Fab)
      (effects (font (size 1 1) (thickness 0.15)))
    )
    (fp_text user %R (at 0 0 90) (layer F.Fab)
      (effects (font (size 0.5 0.5) (thickness 0.08)))
    )
    (fp_line (start 1.85 0.95) (end -1.85 0.95) (layer F.CrtYd) (width 0.05))
    (fp_line (start 1.85 -0.95) (end 1.85 0.95) (layer F.CrtYd) (width 0.05))
    (fp_line (start -1.85 -0.95) (end 1.85 -0.95) (layer F.CrtYd) (width 0.05))
    (fp_line (start -1.85 0.95) (end -1.85 -0.95) (layer F.CrtYd) (width 0.05))
    (fp_line (start -0.261252 0.71) (end 0.261252 0.71) (layer F.SilkS) (width 0.12))
    (fp_line (start -0.261252 -0.71) (end 0.261252 -0.71) (layer F.SilkS) (width 0.12))
    (fp_line (start 1 0.6) (end -1 0.6) (layer F.Fab) (width 0.1))
    (fp_line (start 1 -0.6) (end 1 0.6) (layer F.Fab) (width 0.1))
    (fp_line (start -1 -0.6) (end 1 -0.6) (layer F.Fab) (width 0.1))
    (fp_line (start -1 0.6) (end -1 -0.6) (layer F.Fab) (width 0.1))
    (pad 2 smd roundrect (at 1.025 0 90) (size 1.15 1.4) (layers F.Cu F.Paste F.Mask) (roundrect_rratio 0.217391)
      (net 1 GND))
    (pad 1 smd roundrect (at -1.025 0 90) (size 1.15 1.4) (layers F.Cu F.Paste F.Mask) (roundrect_rratio 0.217391)
      (net 5 +3V3))
    (model ${KISYS3DMOD}/Capacitor_SMD.3dshapes/C_0805_2012Metric.wrl
      (at (xyz 0 0 0))
      (scale (xyz 1 1 1))
      (rotate (xyz 0 0 0))
    )
  )

  (module Capacitor_THT:CP_Radial_D6.3mm_P2.50mm (layer F.Cu) (tedit 5AE50EF0) (tstamp 5D3971DB)
    (at 137.668 68.326 180)
    (descr "CP, Radial series, Radial, pin pitch=2.50mm, , diameter=6.3mm, Electrolytic Capacitor")
    (tags "CP Radial series Radial pin pitch 2.50mm  diameter 6.3mm Electrolytic Capacitor")
    (path /5E1D589D)
    (fp_text reference C17 (at 1.143 4.445) (layer F.SilkS)
      (effects (font (size 1 1) (thickness 0.15)))
    )
    (fp_text value 10u (at 1.25 4.4) (layer F.Fab)
      (effects (font (size 1 1) (thickness 0.15)))
    )
    (fp_text user %R (at 1.25 0) (layer F.Fab)
      (effects (font (size 1 1) (thickness 0.15)))
    )
    (fp_line (start -1.935241 -2.154) (end -1.935241 -1.524) (layer F.SilkS) (width 0.12))
    (fp_line (start -2.250241 -1.839) (end -1.620241 -1.839) (layer F.SilkS) (width 0.12))
    (fp_line (start 4.491 -0.402) (end 4.491 0.402) (layer F.SilkS) (width 0.12))
